2.3000000000	8.8516360341E-10	-46.3322198539
2.2990000000	8.8516360341E-10	-46.3322198539
2.2980000000	8.8516360341E-10	-46.3322198539
2.2970000000	8.8516360341E-10	-46.3322198539
2.2960000000	8.8516360341E-10	-46.3322198539
2.2950000000	8.8516360341E-10	-46.3322198539
2.2940000000	8.8516360341E-10	-46.3322198539
2.2930000000	8.8516360341E-10	-46.3322198539
2.2920000000	8.8516360341E-10	-46.3322198539
2.2910000000	8.8516360341E-10	-46.3322198539
2.2900000000	8.8516360341E-10	-46.3322198539
2.2890000000	8.8516360341E-10	-46.3322198539
2.2880000000	8.8516360341E-10	-46.3322198539
2.2870000000	8.8516360341E-10	-46.3322198539
2.2860000000	8.8516360341E-10	-46.3322198539
2.2850000000	8.8516360341E-10	-46.3322198539
2.2840000000	8.8516360341E-10	-46.3322198539
2.2830000000	8.8516360341E-10	-46.3322198539
2.2820000000	8.8516360341E-10	-46.3322198539
2.2810000000	8.8516360341E-10	-46.3322198539
2.2800000000	8.8516360341E-10	-46.3322198539
2.2790000000	8.8516360341E-10	-46.3322198539
2.2780000000	8.8516360341E-10	-46.3322198539
2.2770000000	8.8516360341E-10	-46.3322198539
2.2760000000	8.8516360341E-10	-46.3322198539
2.2750000000	8.8516360341E-10	-46.3322198539
2.2740000000	8.8516360341E-10	-46.3322198539
2.2730000000	8.8516360341E-10	-46.3322198539
2.2720000000	8.8516360341E-10	-46.3322198539
2.2710000000	8.8516360341E-10	-46.3322198539
2.2700000000	9.0550397342E-10	-45.0000000000
2.2690000000	8.8516360341E-10	-46.3322198539
2.2680000000	8.8516360341E-10	-46.3322198539
2.2670000000	8.8516360341E-10	-46.3322198539
2.2660000000	9.0550397342E-10	-45.0000000000
2.2650000000	8.8516360341E-10	-46.3322198539
2.2640000000	8.8516360341E-10	-46.3322198539
2.2630000000	8.8516360341E-10	-46.3322198539
2.2620000000	8.8516360341E-10	-46.3322198539
2.2610000000	8.8516360341E-10	-46.3322198539
2.2600000000	8.8516360341E-10	-46.3322198539
2.2590000000	8.8516360341E-10	-46.3322198539
2.2580000000	8.8516360341E-10	-46.3322198539
2.2570000000	9.0550397342E-10	-45.0000000000
2.2560000000	9.0550397342E-10	-45.0000000000
2.2550000000	9.0550397342E-10	-45.0000000000
2.2540000000	8.8516360341E-10	-46.3322198539
2.2530000000	8.8516360341E-10	-46.3322198539
2.2520000000	9.0550397342E-10	-45.0000000000
2.2510000000	8.8516360341E-10	-46.3322198539
2.2500000000	9.0550397342E-10	-45.0000000000
2.2490000000	8.8516360341E-10	-46.3322198539
2.2480000000	8.8516360341E-10	-46.3322198539
2.2470000000	8.8516360341E-10	-46.3322198539
2.2460000000	8.8516360341E-10	-46.3322198539
2.2450000000	9.2631224358E-10	-46.2730300201
2.2440000000	9.2631224358E-10	-46.2730300201
2.2430000000	8.8516360341E-10	-46.3322198539
2.2420000000	8.8516360341E-10	-46.3322198539
2.2410000000	8.8516360341E-10	-46.3322198539
2.2400000000	8.8516360341E-10	-46.3322198539
2.2390000000	8.6532412964E-10	-47.7263109939
2.2380000000	8.8516360341E-10	-46.3322198539
2.2370000000	8.6532412964E-10	-47.7263109939
2.2360000000	8.6532412964E-10	-47.7263109939
2.2350000000	8.6532412964E-10	-47.7263109939
2.2340000000	8.6532412964E-10	-47.7263109939
2.2330000000	8.8516360341E-10	-46.3322198539
2.2320000000	8.6532412964E-10	-47.7263109939
2.2310000000	8.6532412964E-10	-47.7263109939
2.2300000000	8.6532412964E-10	-47.7263109939
2.2290000000	8.8516360341E-10	-46.3322198539
2.2280000000	8.8516360341E-10	-46.3322198539
2.2270000000	8.8516360341E-10	-46.3322198539
2.2260000000	8.8516360341E-10	-46.3322198539
2.2250000000	8.8516360341E-10	-46.3322198539
2.2240000000	8.8516360341E-10	-46.3322198539
2.2230000000	8.8516360341E-10	-46.3322198539
2.2220000000	8.8516360341E-10	-46.3322198539
2.2210000000	8.8516360341E-10	-46.3322198539
2.2200000000	8.8516360341E-10	-46.3322198539
2.2190000000	8.8516360341E-10	-46.3322198539
2.2180000000	8.8516360341E-10	-46.3322198539
2.2170000000	8.8516360341E-10	-46.3322198539
2.2160000000	8.6532412964E-10	-47.7263109939
2.2150000000	8.8516360341E-10	-46.3322198539
2.2140000000	8.6532412964E-10	-47.7263109939
2.2130000000	8.8516360341E-10	-46.3322198539
2.2120000000	8.8516360341E-10	-46.3322198539
2.2110000000	8.8516360341E-10	-46.3322198539
2.2100000000	8.8516360341E-10	-46.3322198539
2.2090000000	8.8516360341E-10	-46.3322198539
2.2080000000	8.8516360341E-10	-46.3322198539
2.2070000000	8.4401600000E-10	-46.3971810273
2.2060000000	8.4401600000E-10	-46.3971810273
2.2050000000	8.4602079142E-10	-49.1849161251
2.2040000000	8.6532412964E-10	-47.7263109939
2.2030000000	8.6532412964E-10	-47.7263109939
2.2020000000	8.8516360341E-10	-46.3322198539
2.2010000000	8.6532412964E-10	-47.7263109939
2.2000000000	8.4401600000E-10	-46.3971810273
2.1990000000	8.8516360341E-10	-46.3322198539
2.1980000000	8.4401600000E-10	-46.3971810273
2.1970000000	8.8516360341E-10	-46.3322198539
2.1960000000	8.8516360341E-10	-46.3322198539
2.1950000000	8.6434470191E-10	-45.0000000000
2.1940000000	8.6532412964E-10	-47.7263109939
2.1930000000	8.4401600000E-10	-46.3971810273
2.1920000000	8.8516360341E-10	-46.3322198539
2.1910000000	8.4401600000E-10	-46.3971810273
2.1900000000	8.6434470191E-10	-45.0000000000
2.1890000000	8.6532412964E-10	-47.7263109939
2.1880000000	8.8516360341E-10	-46.3322198539
2.1870000000	8.8516360341E-10	-46.3322198539
2.1860000000	8.6532412964E-10	-47.7263109939
2.1850000000	8.6532412964E-10	-47.7263109939
2.1840000000	8.6532412964E-10	-47.7263109939
2.1830000000	8.6532412964E-10	-47.7263109939
2.1820000000	8.6532412964E-10	-47.7263109939
2.1810000000	8.6532412964E-10	-47.7263109939
2.1800000000	8.6532412964E-10	-47.7263109939
2.1790000000	8.4602079142E-10	-49.1849161251
2.1780000000	8.6532412964E-10	-47.7263109939
2.1770000000	8.6434470191E-10	-45.0000000000
2.1760000000	8.6434470191E-10	-45.0000000000
2.1750000000	8.4401600000E-10	-46.3971810273
2.1740000000	8.8516360341E-10	-46.3322198539
2.1730000000	8.8516360341E-10	-46.3322198539
2.1720000000	8.4401600000E-10	-46.3971810273
2.1710000000	8.4401600000E-10	-46.3971810273
2.1700000000	8.2421376986E-10	-47.8624052261
2.1690000000	8.2421376986E-10	-47.8624052261
2.1680000000	8.4401600000E-10	-46.3971810273
2.1670000000	8.4401600000E-10	-46.3971810273
2.1660000000	8.6532412964E-10	-47.7263109939
2.1650000000	8.6532412964E-10	-47.7263109939
2.1640000000	8.4602079142E-10	-49.1849161251
2.1630000000	8.4401600000E-10	-46.3971810273
2.1620000000	8.4401600000E-10	-46.3971810273
2.1610000000	8.4401600000E-10	-46.3971810273
2.1600000000	8.4602079142E-10	-49.1849161251
2.1590000000	8.2421376986E-10	-47.8624052261
2.1580000000	8.4401600000E-10	-46.3971810273
2.1570000000	8.2421376986E-10	-47.8624052261
2.1560000000	8.2421376986E-10	-47.8624052261
2.1550000000	8.2421376986E-10	-47.8624052261
2.1540000000	8.4401600000E-10	-46.3971810273
2.1530000000	8.2421376986E-10	-47.8624052261
2.1520000000	8.2421376986E-10	-47.8624052261
2.1510000000	8.2421376986E-10	-47.8624052261
2.1500000000	8.2421376986E-10	-47.8624052261
2.1490000000	8.2421376986E-10	-47.8624052261
2.1480000000	8.2421376986E-10	-47.8624052261
2.1470000000	8.2421376986E-10	-47.8624052261
2.1460000000	8.2421376986E-10	-47.8624052261
2.1450000000	8.2421376986E-10	-47.8624052261
2.1440000000	8.2421376986E-10	-47.8624052261
2.1430000000	8.2421376986E-10	-47.8624052261
2.1420000000	8.2421376986E-10	-47.8624052261
2.1410000000	8.0497751645E-10	-49.3986513135
2.1400000000	8.0497751645E-10	-49.3986513135
2.1390000000	8.2421376986E-10	-47.8624052261
2.1380000000	8.0497751645E-10	-49.3986513135
2.1370000000	8.2421376986E-10	-47.8624052261
2.1360000000	8.0497751645E-10	-49.3986513135
2.1350000000	8.0497751645E-10	-49.3986513135
2.1340000000	8.0497751645E-10	-49.3986513135
2.1330000000	7.8310921750E-10	-48.0127331215
2.1320000000	8.0497751645E-10	-49.3986513135
2.1310000000	7.8310921750E-10	-48.0127331215
2.1300000000	7.8310921750E-10	-48.0127331215
2.1290000000	7.8634740746E-10	-51.0089493250
2.1280000000	7.8634740746E-10	-51.0089493250
2.1270000000	7.6394599924E-10	-49.6354062816
2.1260000000	7.6394599924E-10	-49.6354062816
2.1250000000	7.6394599924E-10	-49.6354062816
2.1240000000	7.6394599924E-10	-49.6354062816
2.1230000000	7.6394599924E-10	-49.6354062816
2.1220000000	7.2292900675E-10	-49.8990318307
2.1210000000	7.4542673592E-10	-51.3401317259
2.1200000000	7.2292900675E-10	-49.8990318307
2.1190000000	7.0453262313E-10	-51.7099006380
2.1180000000	7.0453262313E-10	-51.7099006380
2.1170000000	7.0453262313E-10	-51.7099006380
2.1160000000	7.0453262313E-10	-51.7099006380
2.1150000000	7.0453262313E-10	-51.7099006380
2.1140000000	6.6367348685E-10	-52.1251374970
2.1130000000	6.6367348685E-10	-52.1251374970
2.1120000000	6.6367348685E-10	-52.1251374970
2.1110000000	6.4621448145E-10	-54.1623989575
2.1100000000	6.4621448145E-10	-54.1623989575
2.1090000000	6.4621448145E-10	-54.1623989575
2.1080000000	6.2961661798E-10	-56.3099829523
2.1070000000	6.2961661798E-10	-56.3099829523
2.1060000000	6.1395040587E-10	-58.5704830485
2.1050000000	5.8931192428E-10	-57.0948098946
2.1040000000	5.8931192428E-10	-57.0948098946
2.1030000000	5.7402146733E-10	-59.5345056886
2.1020000000	5.7402146733E-10	-59.5345056886
2.1010000000	5.3427929056E-10	-60.6422990325
2.1000000000	5.3427929056E-10	-60.6422990325
2.0990000000	5.3427929056E-10	-60.6422990325
2.0980000000	5.0828042477E-10	-66.3706674515
2.0970000000	4.8175601549E-10	-64.9830562277
2.0960000000	4.7018858116E-10	-68.1985452571
2.0950000000	4.4329800180E-10	-66.8013585727
2.0940000000	4.3266112308E-10	-70.3461314021
2.0930000000	4.0537181242E-10	-68.9624889746
2.0920000000	4.1670486547E-10	-77.9052275578
2.0910000000	3.8829576844E-10	-77.0053975859
2.0900000000	3.8280336834E-10	-81.2538229441
2.0890000000	3.5045857693E-10	-85.2363420169
2.0880000000	3.4924800000E-10	90.0000000000
2.0870000000	3.2146419610E-10	84.8055533421
2.0860000000	3.2539262997E-10	79.6951362071
2.0850000000	2.9680374746E-10	78.6900485966
2.0840000000	3.0385465190E-10	73.3007738271
2.0830000000	3.1345967309E-10	68.1985905136
2.0820000000	3.1480789296E-10	56.3099324740
2.0810000000	3.1480789296E-10	56.3099324740
2.0800000000	3.2927417215E-10	45.0000000000
2.0790000000	3.3183665572E-10	37.8749836511
2.0780000000	3.5525959464E-10	34.9920201986
2.0770000000	3.9047113450E-10	26.5650511771
2.0760000000	4.0537181242E-10	21.0375110254
2.0750000000	4.6017369642E-10	18.4349881961
2.0740000000	4.7999643465E-10	14.0362145172
2.0730000000	5.3109913200E-10	9.4622938310
2.0720000000	5.8498317010E-10	5.7106028833
2.0710000000	6.1187656475E-10	2.7263203473
2.0700000000	6.7002440127E-10	2.4895614652
2.0690000000	6.9910107543E-10	2.3859556308
2.0680000000	7.5726249006E-10	-2.2026086303
2.0670000000	8.4601980067E-10	-3.9451976449
2.0660000000	8.7747274021E-10	-5.7105996347
2.0650000000	9.6746377369E-10	-6.9112128663
2.0640000000	1.0289817880E-9	-8.1301023542
2.0630000000	1.0909167997E-9	-9.2110097267
2.0620000000	1.1818517689E-9	-9.9262455067
2.0610000000	1.2501195483E-9	-12.0947378706
2.0600000000	1.3416281094E-9	-12.5288077092
2.0590000000	1.4399844533E-9	-14.0362627685
2.0580000000	1.5035814830E-9	-14.5742161980
2.0570000000	1.5954173990E-9	-14.7967458669
2.0560000000	1.6872750199E-9	-14.9950814721
2.0550000000	1.7869895915E-9	-16.0736582376
2.0540000000	1.8789482786E-9	-16.1893035567
2.0530000000	1.9709232238E-9	-16.2940474566
2.0520000000	2.0712952341E-9	-17.1619351274
2.0510000000	2.1998099895E-9	-17.7157768551
2.0500000000	2.3285072800E-9	-18.2084149634
2.0490000000	2.4481980011E-9	-18.0041393486
2.0480000000	2.5493819319E-9	-18.6417849663
2.0470000000	2.7058869829E-9	-18.8246835994
2.0460000000	2.8172280419E-9	-19.9326025341
2.0450000000	2.9640357142E-9	-19.5024925415
2.0440000000	3.1305376811E-9	-20.1196926940
2.0430000000	3.2599092395E-9	-20.3765011181
2.0420000000	3.3893284079E-9	-20.6136013178
2.0410000000	3.5732690164E-9	-20.5014519285
2.0400000000	3.7299609118E-9	-20.5560991555
2.0390000000	3.8698408355E-9	-21.1612642708
2.0380000000	4.0265713177E-9	-21.1861558704
2.0370000000	4.2209917084E-9	-21.4345292544
2.0360000000	4.4425331856E-9	-21.5225426536
2.0350000000	4.5992619631E-9	-21.5320687868
2.0340000000	4.8046239376E-9	-22.0591270696
2.0330000000	5.0262363640E-9	-22.1094483438
2.0320000000	5.2369437211E-9	-21.8605503972
2.0310000000	5.4315406745E-9	-22.0294590990
2.0300000000	5.6641513864E-9	-22.3481457709
2.0290000000	5.8857691913E-9	-22.3801827064
2.0280000000	6.1343196119E-9	-22.3062050549
2.0270000000	6.3133469643E-9	-22.7824743424
2.0260000000	6.5237680733E-9	-22.5608727510
2.0250000000	6.7566370979E-9	-22.8097308284
2.0240000000	7.0164087865E-9	-22.9489176350
2.0230000000	7.2648653282E-9	-22.8671014808
2.0220000000	7.5514482290E-9	-22.9086538907
2.0210000000	7.8226801526E-9	-23.2266057031
2.0200000000	8.1246654144E-9	-22.9829192358
2.0190000000	8.3844864224E-9	-23.0940922206
2.0180000000	8.6825699060E-9	-23.2994145973
2.0170000000	8.9959146258E-9	-23.2472131374
2.0160000000	9.2940738963E-9	-23.4341155208
2.0150000000	9.6456865519E-9	-23.4709945520
2.0140000000	9.9972989342E-9	-23.5052268870
2.0130000000	1.0348923811E-8	-23.5371109613
2.0120000000	1.0673866818E-8	-23.6293961724
2.0110000000	1.0960526848E-8	-23.6380760810
2.0100000000	1.1377104433E-8	-23.6798068250
2.0090000000	1.1767142977E-8	-23.7753884452
2.0080000000	1.2172019846E-8	-23.6843406700
2.0070000000	1.2600433377E-8	-23.8415258778
2.0060000000	1.3017036522E-8	-23.8714881647
2.0050000000	1.3433734431E-8	-23.8994192747
2.0040000000	1.3811950774E-8	-23.8644519089
2.0030000000	1.4267051658E-8	-23.9505865173
2.0020000000	1.4722091461E-8	-24.0315541460
2.0010000000	1.5230388492E-8	-24.0180498955
2.0000000000	1.5673594636E-8	-23.9949771339
1.9990000000	1.6167184234E-8	-24.1195927614
1.9980000000	1.6648917016E-8	-24.1454748225
1.9970000000	1.7092199582E-8	-24.1208758099
1.9960000000	1.7547291193E-8	-24.1843613171
1.9950000000	1.8055581192E-8	-24.1686973042
1.9940000000	1.8628896916E-8	-24.1623948103
1.9930000000	1.9187504745E-8	-24.2713555678
1.9920000000	1.9787341091E-8	-24.2277585207
1.9910000000	2.0360642149E-8	-24.2202520464
1.9900000000	2.0945804057E-8	-24.2858671170
1.9890000000	2.1507154024E-8	-24.2065488944
1.9880000000	2.2157422382E-8	-24.2757796696
1.9870000000	2.2807626014E-8	-24.3411433426
1.9860000000	2.3484456264E-8	-24.3734727623
1.9850000000	2.4149284927E-8	-24.3411177295
1.9840000000	2.4761089063E-8	-24.3659171256
1.9830000000	2.5464412796E-8	-24.3679794095
1.9820000000	2.6179798764E-8	-24.4281425130
1.9810000000	2.6883032014E-8	-24.4285561461
1.9800000000	2.7612895087E-8	-24.4040801646
1.9790000000	2.8419771138E-8	-24.4391161369
1.9780000000	2.9176090736E-8	-24.3918656392
1.9770000000	2.9917980118E-8	-24.4209255428
1.9760000000	3.0724860712E-8	-24.4528906094
1.9750000000	3.1558277498E-8	-24.4614896999
1.9740000000	3.2418142075E-8	-24.4481820109
1.9730000000	3.3225162622E-8	-24.4771652867
1.9720000000	3.4097086390E-8	-24.5086216711
1.9710000000	3.4956986039E-8	-24.4952702873
1.9700000000	3.5763887036E-8	-24.5210542411
1.9690000000	3.6585238270E-8	-24.4854560786
1.9680000000	3.7353630584E-8	-24.4883726138
1.9670000000	3.8225557359E-8	-24.5161759794
1.9660000000	3.9150483406E-8	-24.5074933526
1.9650000000	4.0113918647E-8	-24.5196677666
1.9640000000	4.1038844318E-8	-24.5113059649
1.9630000000	4.1990301292E-8	-24.4866637190
1.9620000000	4.2939378924E-8	-24.5500568093
1.9610000000	4.3890732590E-8	-24.5256957640
1.9600000000	4.4854211865E-8	-24.5363087969
1.9590000000	4.5909151411E-8	-24.5341349623
1.9580000000	4.6925579214E-8	-24.5145988931
1.9570000000	4.7862633151E-8	-24.5390636565
1.9560000000	4.8879059494E-8	-24.5202058672
1.9550000000	4.9907524972E-8	-24.5324113362
1.9540000000	5.0858925178E-8	-24.5118205608
1.9530000000	5.1860915610E-8	-24.5370708436
1.9520000000	5.3019575300E-8	-24.5532629200
1.9510000000	5.4101026274E-8	-24.5383777288
1.9500000000	5.5155965752E-8	-24.5365287629
1.9490000000	5.6184566542E-8	-24.5471222422
1.9480000000	5.7304534934E-8	-24.5474725148
1.9470000000	5.8333046665E-8	-24.5575236549
1.9460000000	5.9373664661E-8	-24.5927659813
1.9450000000	6.0546649586E-8	-24.5692934203
1.9440000000	6.1628096432E-8	-24.5559449590
1.9430000000	6.2656568006E-8	-24.5650802862
1.9420000000	6.3581488558E-8	-24.5590225206
1.9410000000	6.4597958104E-8	-24.5443218975
1.9400000000	6.5626651095E-8	-24.5532328196
1.9390000000	6.6693728274E-8	-24.5742857844
1.9380000000	6.7813787648E-8	-24.5740980220
1.9370000000	6.8933797667E-8	-24.5740265157
1.9360000000	7.0015201573E-8	-24.5621295357
1.9350000000	7.1031711587E-8	-24.5487893349
1.9340000000	7.2021704612E-8	-24.5455443130
1.9330000000	7.3245263032E-8	-24.5588861828
1.9320000000	7.4365363988E-8	-24.5590169808
1.9310000000	7.5485373991E-8	-24.5591754448
1.9300000000	7.6552411499E-8	-24.5773662271
1.9290000000	7.7607391122E-8	-24.5755893151
1.9280000000	7.8676792288E-8	-24.5456781576
1.9270000000	7.9743865533E-8	-24.5633868811
1.9260000000	8.0760242446E-8	-24.5516028071
1.9250000000	8.1933284835E-8	-24.5349100866
1.9240000000	8.3116046110E-8	-24.5817952213
1.9230000000	8.4158883555E-8	-24.5620233255
1.9220000000	8.5293363750E-8	-24.5361914712
1.9210000000	8.6437558794E-8	-24.5717202690
1.9200000000	8.7531063304E-8	-24.5795556910
1.9190000000	8.8624701952E-8	-24.5872296450
1.9180000000	8.9759032384E-8	-24.5623329028
1.9170000000	9.0838219520E-8	-24.5943769283
1.9160000000	9.1866738866E-8	-24.6002340181
1.9150000000	9.2871090534E-8	-24.5732342999
1.9140000000	9.3899606373E-8	-24.5791961704
1.9130000000	9.5019574785E-8	-24.5790293670
1.9120000000	9.6127575350E-8	-24.5631227409
1.9110000000	9.7286149746E-8	-24.5716614018
1.9100000000	9.8471148409E-8	-24.5729031055
1.9090000000	9.9552684670E-8	-24.5645765940
1.9080000000	1.0053050064E-7	-24.5469086421
1.9070000000	1.0172763324E-7	-24.5633587852
1.9060000000	1.0295132879E-7	-24.5726666881
1.9050000000	1.0422782254E-7	-24.5684197755
1.9040000000	1.0536002602E-7	-24.5828029012
1.9030000000	1.0649439966E-7	-24.5619147055
1.9020000000	1.0759018874E-7	-24.5337581526
1.9010000000	1.0863087751E-7	-24.5532260727
1.9000000000	1.0978940772E-7	-24.5608492851
1.8990000000	1.1102765660E-7	-24.5495645923
1.8980000000	1.1233048375E-7	-24.5398084046
1.8970000000	1.1353984853E-7	-24.5678925269
1.8960000000	1.1467141493E-7	-24.5812583582
1.8950000000	1.1588300962E-7	-24.5762546435
1.8940000000	1.1717242530E-7	-24.5851952315
1.8930000000	1.1839829291E-7	-24.5616132772
1.8920000000	1.1963626846E-7	-24.5511924061
1.8910000000	1.2085991871E-7	-24.5592011597
1.8900000000	1.2204423083E-7	-24.5605228102
1.8890000000	1.2304700640E-7	-24.5706560298
1.8880000000	1.2411586139E-7	-24.5518530859
1.8870000000	1.2529890598E-7	-24.5827370374
1.8860000000	1.2653687340E-7	-24.5726777980
1.8850000000	1.2770995515E-7	-24.5617154231
1.8840000000	1.2884151834E-7	-24.5736655195
1.8830000000	1.3001459963E-7	-24.5628885523
1.8820000000	1.3112287949E-7	-24.5513091346
1.8810000000	1.3234657124E-7	-24.5586610897
1.8800000000	1.3363598112E-7	-24.5666699785
1.8790000000	1.3487395454E-7	-24.5573800144
1.8780000000	1.3592857110E-7	-24.5565906917
1.8770000000	1.3694249449E-7	-24.5769343188
1.8760000000	1.3792016218E-7	-24.5640408088
1.8750000000	1.3901411951E-7	-24.5689491672
1.8740000000	1.4011931427E-7	-24.5848095585
1.8730000000	1.4122758380E-7	-24.5738866142
1.8720000000	1.4238857010E-7	-24.5533954009
1.8710000000	1.4342898921E-7	-24.5681366846
1.8700000000	1.4439238286E-7	-24.5711668334
1.8690000000	1.4540939341E-7	-24.5644528968
1.8680000000	1.4636069022E-7	-24.5571057951
1.8670000000	1.4737461343E-7	-24.5760058260
1.8660000000	1.4832374485E-7	-24.5937862960
1.8650000000	1.4921014146E-7	-24.5854661213
1.8640000000	1.5004383944E-7	-24.5864906877
1.8630000000	1.5083810872E-7	-24.5821594980
1.8620000000	1.5171245175E-7	-24.5640849752
1.8610000000	1.5253183448E-7	-24.5796456000
1.8600000000	1.5336462282E-7	-24.5808350207
1.8590000000	1.5419827898E-7	-24.5818232319
1.8580000000	1.5498135746E-7	-24.5676948754
1.8570000000	1.5573502614E-7	-24.5822379124
1.8560000000	1.5656868237E-7	-24.5832036926
1.8550000000	1.5732451816E-7	-24.5738572357
1.8540000000	1.5797482266E-7	-24.5820572811
1.8530000000	1.5874363012E-7	-24.5821680745
1.8520000000	1.5940824474E-7	-24.5764456726
1.8510000000	1.6005855023E-7	-24.5845284488
1.8500000000	1.6063190196E-7	-24.5822791096
1.8490000000	1.6123166804E-7	-24.5757913566
1.8480000000	1.6197319362E-7	-24.5803432123
1.8470000000	1.6253232321E-7	-24.5917481608
1.8460000000	1.6301445534E-7	-24.5929312759
1.8450000000	1.6354841816E-7	-24.5857966684
1.8440000000	1.6418752793E-7	-24.5842597082
1.8430000000	1.6466879188E-7	-24.5856292591
1.8420000000	1.6513881809E-7	-24.5776339557
1.8410000000	1.6556729720E-7	-24.5873320463
1.8400000000	1.6600793715E-7	-24.6061436207
1.8390000000	1.6636251722E-7	-24.5832890306
1.8380000000	1.6668767090E-7	-24.5871563448
1.8370000000	1.6715463605E-7	-24.6016722078
1.8360000000	1.6764888590E-7	-24.6118365211
1.8350000000	1.6795196713E-7	-24.5753976858
1.8340000000	1.6828926713E-7	-24.5882843296
1.8330000000	1.6870350021E-7	-24.6108601207
1.8320000000	1.6904290789E-7	-24.6015598498
1.8310000000	1.6931533339E-7	-24.6135028951
1.8300000000	1.6962841491E-7	-24.6083398807
1.8290000000	1.7002056156E-7	-24.5909590713
1.8280000000	1.7033360745E-7	-24.5858282825
1.8270000000	1.7047208476E-7	-24.6398346467
1.8260000000	1.7077298984E-7	-24.6257531534
1.8250000000	1.7116512078E-7	-24.6084486744
1.8240000000	1.7158153650E-7	-24.6089255245
1.8230000000	1.7194307228E-7	-24.6390744637
1.8220000000	1.7245156685E-7	-24.6360436665
1.8210000000	1.7299855239E-7	-24.6377880816
1.8200000000	1.7362256524E-7	-24.6490292043
1.8190000000	1.7423649751E-7	-24.6300915575
1.8180000000	1.7510868725E-7	-24.6354577143
1.8170000000	1.7610845863E-7	-24.6633615633
1.8160000000	1.7702122633E-7	-24.6521127941
1.8150000000	1.7812942144E-7	-24.6430047128
1.8140000000	1.7945648409E-7	-24.6531088732
1.8130000000	1.8087269838E-7	-24.6805296965
1.8120000000	1.8251576422E-7	-24.6647159765
1.8110000000	1.8435132744E-7	-24.6714896764
1.8100000000	1.8643210796E-7	-24.6927139139
1.8090000000	1.8871335618E-7	-24.6757409859
1.8080000000	1.9123986123E-7	-24.6734424978
1.8070000000	1.9417862509E-7	-24.7097913175
1.8060000000	1.9755095027E-7	-24.7150250423
1.8050000000	2.0066496947E-7	-24.6991565887
1.8040000000	2.0378913126E-7	-24.7094799347
1.8030000000	2.0721014973E-7	-24.7437136124
1.8020000000	2.1105244357E-7	-24.7414624979
1.8010000000	2.1511564093E-7	-24.7377828193
1.8000000000	2.1934599978E-7	-24.7559717778
1.7990000000	2.2365936425E-7	-24.7308561031
1.7980000000	2.2802140484E-7	-24.7332388639
1.7970000000	2.3226307616E-7	-24.7571446519
1.7960000000	2.3669088427E-7	-24.7593714963
1.7950000000	2.4139432056E-7	-24.7390016483
1.7940000000	2.4591138673E-7	-24.7543111553
1.7930000000	2.4975085370E-7	-24.7672733684
1.7920000000	2.5346231467E-7	-24.7640730486
1.7910000000	2.5727953497E-7	-24.7503475854
1.7900000000	2.6125158019E-7	-24.7493919165
1.7890000000	2.6507021377E-7	-24.7359039941
1.7880000000	2.6879217667E-7	-24.7529429325
1.7870000000	2.7258265178E-7	-24.7425053164
1.7860000000	2.7577379783E-7	-24.7366432943
1.7850000000	2.7886166188E-7	-24.7275697668
1.7840000000	2.8194496538E-7	-24.7448522064
1.7830000000	2.8507171569E-7	-24.7389236661
1.7820000000	2.8767573359E-7	-24.7422700758
1.7810000000	2.8979832467E-7	-24.7454520651
1.7800000000	2.9185940746E-7	-24.7223802842
1.7790000000	2.9411370565E-7	-24.7138455311
1.7780000000	2.9593308098E-7	-24.7377918343
1.7770000000	2.9764195769E-7	-24.7157283696
1.7760000000	2.9924429844E-7	-24.7155249632
1.7750000000	3.0060982745E-7	-24.7239293902
1.7740000000	3.0181939746E-7	-24.7337736489
1.7730000000	3.0278677014E-7	-24.7100768720
1.7720000000	3.0378885660E-7	-24.7138349438
1.7710000000	3.0475038874E-7	-24.7270807012
1.7700000000	3.0543008411E-7	-24.7164834050
1.7690000000	3.0591102133E-7	-24.7168764926
1.7680000000	3.0669025160E-7	-24.7337782355
1.7670000000	3.0726742565E-7	-24.7080172079
1.7660000000	3.0765762386E-7	-24.7104566130
1.7650000000	3.0793830636E-7	-24.7460313855
1.7640000000	3.0834229313E-7	-24.7410988939
1.7630000000	3.0868563636E-7	-24.7117350542
1.7620000000	3.0891778153E-7	-24.7276513195
1.7610000000	3.0899472633E-7	-24.7329211477
1.7600000000	3.0937279692E-7	-24.7304374981
1.7590000000	3.0954180363E-7	-24.7337585089
1.7580000000	3.0950126225E-7	-24.7431270111
1.7570000000	3.0951754078E-7	-24.7240068968
1.7560000000	3.0967142936E-7	-24.7345253329
1.7550000000	3.0969406705E-7	-24.7564302415
1.7540000000	3.0953973815E-7	-24.7457553624
1.7530000000	3.0941126969E-7	-24.7330685186
1.7520000000	3.0942340416E-7	-24.7379458351
1.7510000000	3.0920056701E-7	-24.7510552829
1.7500000000	3.0892991352E-7	-24.7325366398
1.7490000000	3.0891365039E-7	-24.7516935739
1.7480000000	3.0891365039E-7	-24.7516935739
1.7470000000	3.0865554879E-7	-24.7382163235
1.7460000000	3.0834229313E-7	-24.7410988939
1.7450000000	3.0825668489E-7	-24.7842537565
1.7440000000	3.0812907842E-7	-24.7714522254
1.7430000000	3.0784624808E-7	-24.7479855384
1.7420000000	3.0759618180E-7	-24.7635099644
1.7410000000	3.0760630404E-7	-24.7804873486
1.7400000000	3.0742561924E-7	-24.7720165267
1.7390000000	3.0702073892E-7	-24.7770826361
1.7380000000	3.0663052574E-7	-24.7747229498
1.7370000000	3.0631972840E-7	-24.7657084789
1.7360000000	3.0616174015E-7	-24.7793492949
1.7350000000	3.0592748580E-7	-24.7754675835
1.7340000000	3.0562681482E-7	-24.7835203798
1.7330000000	3.0547196978E-7	-24.7729659536
1.7320000000	3.0522152070E-7	-24.7884611834
1.7310000000	3.0474058125E-7	-24.7881801806
1.7300000000	3.0425831467E-7	-24.7878062788
1.7290000000	3.0383819563E-7	-24.8123473257
1.7280000000	3.0329310373E-7	-24.7993915149
1.7270000000	3.0290288567E-7	-24.7970315290
1.7260000000	3.0261439856E-7	-24.8101704044
1.7250000000	3.0238213029E-7	-24.7939857179
1.7240000000	3.0206930931E-7	-24.7971581765
1.7230000000	3.0158795022E-7	-24.7967156415
1.7220000000	3.0150607981E-7	-24.8160461247
1.7210000000	3.0136229961E-7	-24.8226120603
1.7200000000	3.0100038200E-7	-24.8056120306
1.7190000000	3.0063401038E-7	-24.8135292224
1.7180000000	3.0055504458E-7	-24.8204894283
1.7170000000	3.0046588658E-7	-24.8100746116
1.7160000000	3.0025440753E-7	-24.8287313944
1.7150000000	3.0012632814E-7	-24.8154341718
1.7140000000	3.0028228200E-7	-24.8138673710
1.7130000000	3.0033492819E-7	-24.8092237737
1.7120000000	3.0024223137E-7	-24.8237088063
1.7110000000	3.0029094984E-7	-24.8437967142
1.7100000000	3.0054089937E-7	-24.8278281464
1.7090000000	3.0064421250E-7	-24.8308980675
1.7080000000	3.0063007429E-7	-24.8382350985
1.7070000000	3.0057939623E-7	-24.8305240044
1.7060000000	3.0083803486E-7	-24.8444566718
1.7050000000	3.0104661840E-7	-24.8382408462
1.7040000000	3.0102030122E-7	-24.8405594896
1.7030000000	3.0104661840E-7	-24.8382408462
1.7020000000	3.0146212283E-7	-24.8504857464
1.7010000000	3.0146018958E-7	-24.8628049089
1.7000000000	3.0134376971E-7	-24.8548311973
1.6990000000	3.0151475345E-7	-24.8458539268
1.6980000000	3.0174861285E-7	-24.8495654593
1.6970000000	3.0183974495E-7	-24.8476206158
1.6960000000	3.0177341160E-7	-24.8597302697
1.6950000000	3.0174709899E-7	-24.8620452024
1.6940000000	3.0193129757E-7	-24.8458491467
1.6930000000	3.0198198642E-7	-24.8535231478
1.6920000000	3.0174709899E-7	-24.8620452024
1.6910000000	3.0177148880E-7	-24.8720367834
1.6900000000	3.0185235237E-7	-24.8527878930
1.6890000000	3.0174709899E-7	-24.8620452024
1.6880000000	3.0161272914E-7	-24.8860189072
1.6870000000	3.0138034795E-7	-24.8698388953
1.6860000000	3.0127510909E-7	-24.8791166643
1.6850000000	3.0101302798E-7	-24.8900818231
1.6840000000	3.0074405701E-7	-24.8588355561
1.6830000000	3.0097642188E-7	-24.8750582697
1.6820000000	3.0092190351E-7	-24.8920448681
1.6810000000	3.0047814675E-7	-24.8945215027
1.6800000000	3.0029779269E-7	-24.8860913182
1.6790000000	3.0014094217E-7	-24.8877759013
1.6780000000	2.9986435609E-7	-24.9059757488
1.6770000000	2.9937120299E-7	-24.9008444388
1.6760000000	2.9904299665E-7	-24.9114469373
1.6750000000	2.9887297403E-7	-24.9204551938
1.6740000000	2.9853720816E-7	-24.9010883708
1.6730000000	2.9800275255E-7	-24.9057590767
1.6720000000	2.9776513855E-7	-24.9269897200
1.6710000000	2.9749231190E-7	-24.9204032185
1.6700000000	2.9693578633E-7	-24.9022123602
1.6690000000	2.9632387946E-7	-24.9012863626
1.6680000000	2.9592756256E-7	-24.9369116785
1.6670000000	2.9548472289E-7	-24.9394157920
1.6660000000	2.9492540615E-7	-24.9338114232
1.6650000000	2.9441542475E-7	-24.9488337134
1.6640000000	2.9405516696E-7	-24.9189575431
1.6630000000	2.9357380401E-7	-24.9187026371
1.6620000000	2.9291918669E-7	-24.9406633409
1.6610000000	2.9238523300E-7	-24.9452358047
1.6600000000	2.9191702924E-7	-24.9375440152
1.6590000000	2.9137178883E-7	-24.9242923752
1.6580000000	2.9072990001E-7	-24.9513521753
1.6570000000	2.9007946287E-7	-24.9477328624
1.6560000000	2.8965111035E-7	-24.9428624834
1.6550000000	2.8920553987E-7	-24.9583553971
1.6540000000	2.8863672522E-7	-24.9344956317
1.6530000000	2.8818075235E-7	-24.9319149932
1.6520000000	2.8776096400E-7	-24.9580374753
1.6510000000	2.8703074247E-7	-24.9618069884
1.6500000000	2.8627695336E-7	-24.9549877252
1.6490000000	2.8580874298E-7	-24.9471475228
1.6480000000	2.8523215297E-7	-24.9753302295
1.6470000000	2.8472450099E-7	-24.9776267182
1.6460000000	2.8412663354E-7	-24.9690529068
1.6450000000	2.8374592044E-7	-24.9852497446
1.6440000000	2.8335788379E-7	-24.9700591593
1.6430000000	2.8275821471E-7	-24.9745626126
1.6420000000	2.8219708146E-7	-24.9819360301
1.6410000000	2.8184715813E-7	-24.9693291641
1.6400000000	2.8140432586E-7	-24.9720095881
1.6390000000	2.8089618894E-7	-24.9746023936
1.6380000000	2.8039809347E-7	-24.9956363078
1.6370000000	2.8012655494E-7	-24.9888073079
1.6360000000	2.7974942999E-7	-24.9787101223
1.6350000000	2.7921370985E-7	-24.9968725988
1.6340000000	2.7887644277E-7	-24.9897364117
1.6330000000	2.7856100360E-7	-25.0068160922
1.6320000000	2.7817074289E-7	-25.0045372717
1.6310000000	2.7782079519E-7	-24.9917761671
1.6300000000	2.7753431809E-7	-24.9929225939
1.6290000000	2.7728595629E-7	-24.9967833413
1.6280000000	2.7708839269E-7	-25.0226772347
1.6270000000	2.7679098813E-7	-25.0048133223
1.6260000000	2.7659561611E-7	-25.0038036559
1.6250000000	2.7656757797E-7	-25.0197720290
1.6240000000	2.7632097685E-7	-25.0102293225
1.6230000000	2.7615103586E-7	-25.0200395917
1.6220000000	2.7618784247E-7	-25.0363942766
1.6210000000	2.7613877199E-7	-25.0145870613
1.6200000000	2.7599420642E-7	-25.0219476782
1.6190000000	2.7582336903E-7	-25.0318646825
1.6180000000	2.7583391961E-7	-25.0507875924
1.6170000000	2.7591537419E-7	-25.0295890412
1.6160000000	2.7587857694E-7	-25.0132172962
1.6150000000	2.7584791513E-7	-25.0427801899
1.6140000000	2.7598019688E-7	-25.0299497794
1.6130000000	2.7608184033E-7	-25.0466699435
1.6120000000	2.7608184033E-7	-25.0466699435
1.6110000000	2.7608356621E-7	-25.0332171473
1.6100000000	2.7621281608E-7	-25.0474829039
1.6090000000	2.7626364719E-7	-25.0558342587
1.6080000000	2.7617557110E-7	-25.0309431993
1.6070000000	2.7624966045E-7	-25.0638302719
1.6060000000	2.7640557728E-7	-25.0619879926
1.6050000000	2.7656411097E-7	-25.0466305351
1.6040000000	2.7674501189E-7	-25.0558665853
1.6030000000	2.7688784784E-7	-25.0619219500
1.6020000000	2.7698953618E-7	-25.0785755883
1.6010000000	2.7701749518E-7	-25.0626255928
1.6000000000	2.7713485883E-7	-25.0578975621
1.5990000000	2.7743234320E-7	-25.0756824167
1.5980000000	2.7783707671E-7	-25.0696417292
1.5970000000	2.7784978962E-7	-25.0752452758
1.5960000000	2.7775611743E-7	-25.0908921682
1.5950000000	2.7804426182E-7	-25.0762875238
1.5940000000	2.7836928809E-7	-25.0779341277
1.5930000000	2.7842056455E-7	-25.0864016138
1.5920000000	2.7849859151E-7	-25.0920620423
1.5910000000	2.7874392830E-7	-25.1013588541
1.5900000000	2.7894097120E-7	-25.0889770889
1.5890000000	2.7892867570E-7	-25.0835821312
1.5880000000	2.7905542736E-7	-25.1110760342
1.5870000000	2.7935584817E-7	-25.1019048769
1.5860000000	2.7943553947E-7	-25.0942502406
1.5850000000	2.7941944958E-7	-25.1157226066
1.5840000000	2.7952374777E-7	-25.1188310375
1.5830000000	2.7956231599E-7	-25.1216894569
1.5820000000	2.7957626376E-7	-25.1137852961
1.5810000000	2.7949749060E-7	-25.1213546192
1.5800000000	2.7954675661E-7	-25.1428810370
1.5790000000	2.7971822376E-7	-25.1198367452
1.5780000000	2.7982416253E-7	-25.1096669034
1.5770000000	2.8004044360E-7	-25.1481345277
1.5760000000	2.8010688035E-7	-25.1352023480
1.5750000000	2.8006993767E-7	-25.1190895207
1.5740000000	2.8006830885E-7	-25.1323513475
1.5730000000	2.7996169259E-7	-25.1557009639
1.5720000000	2.7993544334E-7	-25.1582240553
1.5710000000	2.7991079133E-7	-25.1474780901
1.5700000000	2.7961158261E-7	-25.1432108249
1.5690000000	2.7929886954E-7	-25.1470329994
1.5680000000	2.7949334792E-7	-25.1480198928
1.5670000000	2.7929886954E-7	-25.1470329994
1.5660000000	2.7893483499E-7	-25.1424252804
1.5650000000	2.7886633877E-7	-25.1690060404
1.5640000000	2.7880267474E-7	-25.1551730576
1.5630000000	2.7862052361E-7	-25.1595867538
1.5620000000	2.7841122160E-7	-25.1666314189
1.5610000000	2.7833157753E-7	-25.1743349431
1.5600000000	2.7842198627E-7	-25.1853732797
1.5590000000	2.7827908760E-7	-25.1794146767
1.5580000000	2.7800860137E-7	-25.1591662496
1.5570000000	2.7801731276E-7	-25.1915697256
1.5560000000	2.7806824493E-7	-25.1998405182
1.5550000000	2.7783787885E-7	-25.1690956960
1.5540000000	2.7766716469E-7	-25.1790373522
1.5530000000	2.7765170894E-7	-25.2003767775
1.5520000000	2.7778025405E-7	-25.2145720264
1.5510000000	2.7766405795E-7	-25.2057913628
1.5500000000	2.7745632141E-7	-25.1995079556
1.5490000000	2.7748346662E-7	-25.1968705108
1.5480000000	2.7752051629E-7	-25.2131231365
1.5470000000	2.7727418696E-7	-25.2039722070
1.5460000000	2.7732666632E-7	-25.1988694192
1.5450000000	2.7737760361E-7	-25.2071594648
1.5440000000	2.7728349962E-7	-25.2361850729
1.5430000000	2.7712973943E-7	-25.2114014186
1.5420000000	2.7701201144E-7	-25.2160074300
1.5410000000	2.7705102933E-7	-25.2190653262
1.5400000000	2.7705102933E-7	-25.2190653262
1.5390000000	2.7703564587E-7	-25.2404544361
1.5380000000	2.7727113669E-7	-25.2307644103
1.5370000000	2.7763671783E-7	-25.2219052712
1.5360000000	2.7764607922E-7	-25.2540754699
1.5350000000	2.7764607922E-7	-25.2540754699
1.5340000000	2.7784205638E-7	-25.2416244544
1.5330000000	2.7793402081E-7	-25.2392959193
1.5320000000	2.7803491057E-7	-25.2693678945
1.5310000000	2.7805967424E-7	-25.2801755224
1.5300000000	2.7838515395E-7	-25.2817700788
1.5290000000	2.7875026984E-7	-25.2726935826
1.5280000000	2.7903671642E-7	-25.2712649354
1.5270000000	2.7921869494E-7	-25.2801859559
1.5260000000	2.7969860962E-7	-25.2931120757
1.5250000000	2.8011658856E-7	-25.2791813438
1.5240000000	2.8041397552E-7	-25.2963574589
1.5230000000	2.8066080334E-7	-25.3055094750
1.5220000000	2.8120933159E-7	-25.2921082046
1.5210000000	2.8166404567E-7	-25.2940725674
1.5200000000	2.8193708967E-7	-25.3006670999
1.5190000000	2.8241892737E-7	-25.3000113590
1.5180000000	2.8323674893E-7	-25.3195905665
1.5170000000	2.8391492162E-7	-25.3068586804
1.5160000000	2.8438336833E-7	-25.3141587085
1.5150000000	2.8506973661E-7	-25.3458509001
1.5140000000	2.8583982661E-7	-25.3308447893
1.5130000000	2.8654420158E-7	-25.3157221609
1.5120000000	2.8716712839E-7	-25.3339620149
1.5110000000	2.8789260684E-7	-25.3682229918
1.5100000000	2.8883095556E-7	-25.3565833666
1.5090000000	2.8970353937E-7	-25.3577467266
1.5080000000	2.9048512418E-7	-25.3482024174
1.5070000000	2.9142211036E-7	-25.3494770801
1.5060000000	2.9256598077E-7	-25.3694730158
1.5050000000	2.9343949654E-7	-25.3577480099
1.5040000000	2.9411625376E-7	-25.3579993628
1.5030000000	2.9495903347E-7	-25.3868206300
1.5020000000	2.9588449480E-7	-25.3827974054
1.5010000000	2.9666605836E-7	-25.3733859523
1.5000000000	2.9751244184E-7	-25.3768627130
1.4990000000	2.9865860528E-7	-25.3712972755
1.4980000000	2.9975054463E-7	-25.3831706187
1.4970000000	3.0056850447E-7	-25.4013945414
1.4960000000	3.0149528890E-7	-25.3850807488
1.4950000000	3.0254994029E-7	-25.3819095323
1.4940000000	3.0366546027E-7	-25.4157113199
1.4930000000	3.0472057670E-7	-25.4122061523
1.4920000000	3.0573658238E-7	-25.4063977530
1.4910000000	3.0689560040E-7	-25.4059305555
1.4900000000	3.0793390512E-7	-25.4340586451
1.4890000000	3.0902894686E-7	-25.4210657030
1.4880000000	3.1021196254E-7	-25.4303032999
1.4870000000	3.1128124536E-7	-25.4198759582
1.4860000000	3.1236165060E-7	-25.4142378576
1.4850000000	3.1336133093E-7	-25.4393375229
1.4840000000	3.1446924787E-7	-25.4314869515
1.4830000000	3.1535644410E-7	-25.4133840990
1.4820000000	3.1602935248E-7	-25.4487612729
1.4810000000	3.1686329716E-7	-25.4470893459
1.4800000000	3.1794368770E-7	-25.4414577586
1.4790000000	3.1891849809E-7	-25.4566251505
1.4780000000	3.1960772262E-7	-25.4613411432
1.4770000000	3.2030941967E-7	-25.4707202465
1.4760000000	3.2112965202E-7	-25.4759099172
1.4750000000	3.2183383259E-7	-25.4621280651
1.4740000000	3.2256138086E-7	-25.4806653330
1.4730000000	3.2320787298E-7	-25.5175646226
1.4720000000	3.2403086580E-7	-25.4878772676
1.4710000000	3.2490346076E-7	-25.4885619749
1.4700000000	3.2544813834E-7	-25.5109166380
1.4690000000	3.2628073935E-7	-25.5090512523
1.4680000000	3.2715333568E-7	-25.5096747748
1.4670000000	3.2773865560E-7	-25.5114034295
1.4660000000	3.2829823468E-7	-25.5154633679
1.4650000000	3.2898674038E-7	-25.5313703890
1.4640000000	3.2980774271E-7	-25.5248523869
1.4630000000	3.3042084946E-7	-25.5132871376
1.4620000000	3.3092484931E-7	-25.5441624111
1.4610000000	3.3163842895E-7	-25.5689236154
1.4600000000	3.3224085971E-7	-25.5303111586
1.4590000000	3.3269578019E-7	-25.5428955496
1.4580000000	3.3329086705E-7	-25.5715561055
1.4570000000	3.3394146520E-7	-25.5734918659
1.4560000000	3.3446239114E-7	-25.5750363756
1.4550000000	3.3474879704E-7	-25.5735867987
1.4540000000	3.3503451754E-7	-25.5833819025
1.4530000000	3.3558160171E-7	-25.5827678018
1.4520000000	3.3645286811E-7	-25.5831028414
1.4510000000	3.3711800551E-7	-25.5783507916
1.4500000000	3.3787212064E-7	-25.5827528967
1.4490000000	3.3858579581E-7	-25.6069246986
1.4480000000	3.3892559875E-7	-25.5902676260
1.4470000000	3.3935444283E-7	-25.6046395787
1.4460000000	3.3984832024E-7	-25.6082976251
1.4450000000	3.4055014894E-7	-25.6168164499
1.4440000000	3.4129264388E-7	-25.6166269203
1.4430000000	3.4177186324E-7	-25.6376022789
1.4420000000	3.4233254368E-7	-25.6304377119
1.4410000000	3.4302184461E-7	-25.6344825425
1.4400000000	3.4363007906E-7	-25.6773705321
1.4390000000	3.4407536226E-7	-25.6417264125
1.4380000000	3.4468728003E-7	-25.6412096285
1.4370000000	3.4530968980E-7	-25.6665491162
1.4360000000	3.4580292352E-7	-25.6916192275
1.4350000000	3.4632352539E-7	-25.6821289185
1.4340000000	3.4693544082E-7	-25.6815442223
1.4330000000	3.4753379045E-7	-25.6873422867
1.4320000000	3.4814471759E-7	-25.6974212062
1.4310000000	3.4861196281E-7	-25.7137271614
1.4300000000	3.4956495206E-7	-25.6859914066
1.4290000000	3.5026728211E-7	-25.6942656334
1.4280000000	3.5071958779E-7	-25.7272462746
1.4270000000	3.5124053601E-7	-25.7284889672
1.4260000000	3.5181469069E-7	-25.7150677737
1.4250000000	3.5259499273E-7	-25.7169489470
1.4240000000	3.5306183734E-7	-25.7328773357
1.4230000000	3.5346477048E-7	-25.7485434866
1.4220000000	3.5416581145E-7	-25.7669463745
1.4210000000	3.5481735174E-7	-25.7579396746
1.4200000000	3.5532570185E-7	-25.7549115072
1.4190000000	3.5594662815E-7	-25.7898018897
1.4180000000	3.5684534317E-7	-25.7876611866
1.4170000000	3.5760222311E-7	-25.7705316851
1.4160000000	3.5838164460E-7	-25.7826278869
1.4150000000	3.5921116268E-7	-25.8218163979
1.4140000000	3.6027918713E-7	-25.8219571077
1.4130000000	3.6108561363E-7	-25.8215587029
1.4120000000	3.6170931890E-7	-25.8351679587
1.4110000000	3.6303843764E-7	-25.8254876676
1.4100000000	3.6420831140E-7	-25.8381358498
1.4090000000	3.6497651372E-7	-25.8458445399
1.4080000000	3.6565364213E-7	-25.8348421420
1.4070000000	3.6691580469E-7	-25.8455952917
1.4060000000	3.6824002985E-7	-25.8865260409
1.4050000000	3.6885348942E-7	-25.8654927463
1.4040000000	3.6954210138E-7	-25.8788621409
1.4030000000	3.7085683456E-7	-25.8752833959
1.4020000000	3.7179350187E-7	-25.8850852657
1.4010000000	3.7243072472E-7	-25.8922347979
1.4000000000	3.7322431074E-7	-25.9076718891
1.3990000000	3.7392639361E-7	-25.9148683324
1.3980000000	3.7461654384E-7	-25.9081313892
1.3970000000	3.7492651918E-7	-25.9444199277
1.3960000000	3.7539443985E-7	-25.9492209819
1.3950000000	3.7615030496E-7	-25.9424879922
1.3940000000	3.7648694723E-7	-25.9569976574
1.3930000000	3.7639468068E-7	-25.9785660287
1.3920000000	3.7651166363E-7	-25.9748008668
1.3910000000	3.7658898877E-7	-25.9888711733
1.3900000000	3.7601742996E-7	-25.9819983238
1.3890000000	3.7553457390E-7	-25.9931215793
1.3880000000	3.7562402436E-7	-26.0210911028
1.3870000000	3.7510183347E-7	-26.0401447691
1.3860000000	3.7441298138E-7	-26.0272705743
1.3850000000	3.7422909318E-7	-26.0509033367
1.3840000000	3.7469683890E-7	-26.0753438947
1.3830000000	3.7483971374E-7	-26.0796322111
1.3820000000	3.7448811050E-7	-26.0810923466
1.3810000000	3.7482641739E-7	-26.0855625959
1.3800000000	3.7509944303E-7	-26.0898054791
1.3790000000	3.7554087326E-7	-26.1062624226
1.3780000000	3.7563168316E-7	-26.1144228789
1.3770000000	3.7556683920E-7	-26.1143450735
1.3760000000	3.7641345932E-7	-26.1054198958
1.3750000000	3.7654112740E-7	-26.1550491826
1.3740000000	3.7577264589E-7	-26.1582339216
1.3730000000	3.7509593678E-7	-26.1594810618
1.3720000000	3.7535621174E-7	-26.1596940259
1.3710000000	3.7535575857E-7	-26.1695921224
1.3700000000	3.7514667411E-7	-26.1953272385
1.3690000000	3.7481984155E-7	-26.2149669569
1.3680000000	3.7491156331E-7	-26.2029552501
1.3670000000	3.7498962478E-7	-26.1970857027
1.3660000000	3.7465048979E-7	-26.2226056463
1.3650000000	3.7488354835E-7	-26.2447593960
1.3640000000	3.7513137435E-7	-26.2310364920
1.3630000000	3.7483226681E-7	-26.2288558463
1.3620000000	3.7451923305E-7	-26.2524527291
1.3610000000	3.7428394720E-7	-26.2801197880
1.3600000000	3.7441486223E-7	-26.2702276335
1.3590000000	3.7424478568E-7	-26.2880322502
1.3580000000	3.7364610020E-7	-26.2836108836
1.3570000000	3.7384153238E-7	-26.2836894708
1.3560000000	3.7404863247E-7	-26.3278246279
1.3550000000	3.7381408144E-7	-26.3356957243
1.3540000000	3.7316349017E-7	-26.3152453558
1.3530000000	3.7343679596E-7	-26.3294258139
1.3520000000	3.7330546052E-7	-26.3793127170
1.3510000000	3.7273249960E-7	-26.3830144243
1.3500000000	3.7251085279E-7	-26.3748581313
1.3490000000	3.7235497304E-7	-26.3867523092
1.3480000000	3.7356573891E-7	-26.3793735371
1.3470000000	3.7571240210E-7	-26.4003488132
1.3460000000	3.7525723577E-7	-26.4200192788
1.3450000000	3.7260134520E-7	-26.4129337943
1.3440000000	3.7274511651E-7	-26.4270159937
1.3430000000	3.7297856501E-7	-26.4591164437
1.3420000000	3.7286147098E-7	-26.4529669865
1.3410000000	3.7237979597E-7	-26.4549551188
1.3400000000	3.7265288046E-7	-26.4689252541
1.3390000000	3.7270504353E-7	-26.4850262141
1.3380000000	3.7196256839E-7	-26.4969217422
1.3370000000	3.7261319238E-7	-26.5070119094
1.3360000000	3.7235380863E-7	-26.5069714789
1.3350000000	3.7221021531E-7	-26.5130071137
1.3340000000	3.7244397705E-7	-26.5450997171
1.3330000000	3.7260048745E-7	-26.5530165604
1.3320000000	3.7245693811E-7	-26.5490905646
1.3310000000	3.7215774132E-7	-26.5571333062
1.3300000000	3.7248336756E-7	-26.5971077200
1.3290000000	3.7235371758E-7	-26.6070970318
1.3280000000	3.7196236381E-7	-26.5971526212
1.3270000000	3.7178085709E-7	-26.6111592287
1.3260000000	3.7197539494E-7	-26.6111351148
1.3250000000	3.7205381609E-7	-26.6352300129
1.3240000000	3.7180663017E-7	-26.6493355605
1.3230000000	3.7168985233E-7	-26.6433644532
1.3220000000	3.7187157710E-7	-26.6593119373
1.3210000000	3.7180785555E-7	-26.7094300196
1.3200000000	3.7162529801E-7	-26.7035712526
1.3190000000	3.7141728036E-7	-26.6995095224
1.3180000000	3.7171621111E-7	-26.7115336071
1.3170000000	3.7150880625E-7	-26.7176159101
1.3160000000	3.7114421338E-7	-26.7359231302
1.3150000000	3.7128804860E-7	-26.7497974918
1.3140000000	3.7128784517E-7	-26.7397907512
1.3130000000	3.7117073751E-7	-26.7639389253
1.3120000000	3.7059914330E-7	-26.7984705288
1.3110000000	3.7046919384E-7	-26.7885234206
1.3100000000	3.7046919384E-7	-26.7885234206
1.3090000000	3.7024869476E-7	-26.8208376063
1.3080000000	3.6989773113E-7	-26.8533612868
1.3070000000	3.6974184526E-7	-26.8454438353
1.3060000000	3.6889560158E-7	-26.8560894093
1.3050000000	3.7113426112E-7	-26.8524006989
1.3040000000	3.7450550831E-7	-26.8556981413
1.3030000000	3.7532564696E-7	-26.8670786980
1.3020000000	3.7528701699E-7	-26.8750300261
1.3010000000	3.7468772583E-7	-26.8616432405
1.3000000000	3.7405048956E-7	-26.8760547571
