2.3000000000	1.0733010775E-9	-40.6012888548
2.2990000000	1.1120608653E-9	-42.8789009065
2.2980000000	1.0298032313E-9	-42.7093868125
2.2970000000	1.0733010775E-9	-40.6012888548
2.2960000000	1.0298032313E-9	-42.7093868125
2.2950000000	1.0298032313E-9	-42.7093868125
2.2940000000	1.0298032313E-9	-42.7093868125
2.2930000000	1.0298032313E-9	-42.7093868125
2.2920000000	1.0298032313E-9	-42.7093868125
2.2910000000	1.0298032313E-9	-42.7093868125
2.2900000000	1.0298032313E-9	-42.7093868125
2.2890000000	1.0298032313E-9	-42.7093868125
2.2880000000	1.0298032313E-9	-42.7093868125
2.2870000000	1.0298032313E-9	-42.7093868125
2.2860000000	1.0298032313E-9	-42.7093868125
2.2850000000	1.0298032313E-9	-42.7093868125
2.2840000000	1.0298032313E-9	-42.7093868125
2.2830000000	1.0298032313E-9	-42.7093868125
2.2820000000	1.0298032313E-9	-42.7093868125
2.2810000000	1.0298032313E-9	-42.7093868125
2.2800000000	1.0298032313E-9	-42.7093868125
2.2790000000	1.0298032313E-9	-42.7093868125
2.2780000000	1.0298032313E-9	-42.7093868125
2.2770000000	1.0298032313E-9	-42.7093868125
2.2760000000	1.0298032313E-9	-42.7093868125
2.2750000000	1.0298032313E-9	-42.7093868125
2.2740000000	1.0298032313E-9	-42.7093868125
2.2730000000	9.9124575820E-10	-40.2363956459
2.2720000000	1.0298032313E-9	-42.7093868125
2.2710000000	1.0298032313E-9	-42.7093868125
2.2700000000	1.0298032313E-9	-42.7093868125
2.2690000000	1.0298032313E-9	-42.7093868125
2.2680000000	1.0298032313E-9	-42.7093868125
2.2670000000	1.0298032313E-9	-42.7093868125
2.2660000000	1.0298032313E-9	-42.7093868125
2.2650000000	1.0298032313E-9	-42.7093868125
2.2640000000	1.0298032313E-9	-42.7093868125
2.2630000000	1.0298032313E-9	-42.7093868125
2.2620000000	1.0298032313E-9	-42.7093868125
2.2610000000	1.0298032313E-9	-42.7093868125
2.2600000000	1.0298032313E-9	-42.7093868125
2.2590000000	1.1120608653E-9	-42.8789009065
2.2580000000	1.1120608653E-9	-42.8789009065
2.2570000000	1.1553936438E-9	-40.9144107013
2.2560000000	1.1553936438E-9	-40.9144107013
2.2550000000	1.1553936438E-9	-40.9144107013
2.2540000000	1.1553936438E-9	-40.9144107013
2.2530000000	1.1553936438E-9	-40.9144107013
2.2520000000	1.1553936438E-9	-40.9144107013
2.2510000000	1.1553936438E-9	-40.9144107013
2.2500000000	1.1553936438E-9	-40.9144107013
2.2490000000	1.1553936438E-9	-40.9144107013
2.2480000000	1.1553936438E-9	-40.9144107013
2.2470000000	1.1553936438E-9	-40.9144107013
2.2460000000	1.1553936438E-9	-40.9144107013
2.2450000000	1.1120608653E-9	-42.8789009065
2.2440000000	1.0733010775E-9	-40.6012888548
2.2430000000	1.0298032313E-9	-42.7093868125
2.2420000000	1.0298032313E-9	-42.7093868125
2.2410000000	1.0298032313E-9	-42.7093868125
2.2400000000	1.0298032313E-9	-42.7093868125
2.2390000000	1.0298032313E-9	-42.7093868125
2.2380000000	1.0298032313E-9	-42.7093868125
2.2370000000	1.0298032313E-9	-42.7093868125
2.2360000000	1.0298032313E-9	-42.7093868125
2.2350000000	1.0298032313E-9	-42.7093868125
2.2340000000	1.0298032313E-9	-42.7093868125
2.2330000000	1.0298032313E-9	-42.7093868125
2.2320000000	1.0298032313E-9	-42.7093868125
2.2310000000	1.0733010775E-9	-40.6012888548
2.2300000000	1.0298032313E-9	-42.7093868125
2.2290000000	1.0298032313E-9	-42.7093868125
2.2280000000	1.0298032313E-9	-42.7093868125
2.2270000000	1.0298032313E-9	-42.7093868125
2.2260000000	1.0298032313E-9	-42.7093868125
2.2250000000	1.0298032313E-9	-42.7093868125
2.2240000000	1.0298032313E-9	-42.7093868125
2.2230000000	1.0298032313E-9	-42.7093868125
2.2220000000	1.0298032313E-9	-42.7093868125
2.2210000000	1.0298032313E-9	-42.7093868125
2.2200000000	1.0298032313E-9	-42.7093868125
2.2190000000	1.0298032313E-9	-42.7093868125
2.2180000000	1.0298032313E-9	-42.7093868125
2.2170000000	1.0298032313E-9	-42.7093868125
2.2160000000	1.0298032313E-9	-42.7093868125
2.2150000000	1.0298032313E-9	-42.7093868125
2.2140000000	1.0298032313E-9	-42.7093868125
2.2130000000	1.0298032313E-9	-42.7093868125
2.2120000000	1.0298032313E-9	-42.7093868125
2.2110000000	1.0298032313E-9	-42.7093868125
2.2100000000	9.8782110225E-10	-45.0000000000
2.2090000000	1.0298032313E-9	-42.7093868125
2.2080000000	9.8782110225E-10	-45.0000000000
2.2070000000	1.0298032313E-9	-42.7093868125
2.2060000000	1.0298032313E-9	-42.7093868125
2.2050000000	1.0298032313E-9	-42.7093868125
2.2040000000	1.0298032313E-9	-42.7093868125
2.2030000000	1.0298032313E-9	-42.7093868125
2.2020000000	1.0298032313E-9	-42.7093868125
2.2010000000	1.0298032313E-9	-42.7093868125
2.2000000000	9.4755685210E-10	-42.5104879369
2.1990000000	9.8782110225E-10	-45.0000000000
2.1980000000	1.0298032313E-9	-42.7093868125
2.1970000000	9.4755685210E-10	-42.5104879369
2.1960000000	9.4755685210E-10	-42.5104879369
2.1950000000	9.4755685210E-10	-42.5104879369
2.1940000000	9.4755685210E-10	-42.5104879369
2.1930000000	9.4755685210E-10	-42.5104879369
2.1920000000	9.4755685210E-10	-42.5104879369
2.1910000000	9.4755685210E-10	-42.5104879369
2.1900000000	9.4755685210E-10	-42.5104879369
2.1890000000	9.0550397342E-10	-45.0000000000
2.1880000000	9.0550397342E-10	-45.0000000000
2.1870000000	9.0550397342E-10	-45.0000000000
2.1860000000	9.0550397342E-10	-45.0000000000
2.1850000000	9.4755685210E-10	-42.5104879369
2.1840000000	9.0550397342E-10	-45.0000000000
2.1830000000	9.0550397342E-10	-45.0000000000
2.1820000000	9.0550397342E-10	-45.0000000000
2.1810000000	9.0550397342E-10	-45.0000000000
2.1800000000	9.4755685210E-10	-42.5104879369
2.1790000000	9.0550397342E-10	-45.0000000000
2.1780000000	9.0550397342E-10	-45.0000000000
2.1770000000	9.0550397342E-10	-45.0000000000
2.1760000000	9.0550397342E-10	-45.0000000000
2.1750000000	9.0550397342E-10	-45.0000000000
2.1740000000	9.0550397342E-10	-45.0000000000
2.1730000000	9.0550397342E-10	-45.0000000000
2.1720000000	9.0550397342E-10	-45.0000000000
2.1710000000	8.6532412964E-10	-42.2736890061
2.1700000000	9.0550397342E-10	-45.0000000000
2.1690000000	9.0550397342E-10	-45.0000000000
2.1680000000	8.6532412964E-10	-42.2736890061
2.1670000000	8.6532412964E-10	-42.2736890061
2.1660000000	9.0550397342E-10	-45.0000000000
2.1650000000	8.6532412964E-10	-42.2736890061
2.1640000000	8.6532412964E-10	-42.2736890061
2.1630000000	8.6532412964E-10	-42.2736890061
2.1620000000	8.6532412964E-10	-42.2736890061
2.1610000000	8.6532412964E-10	-42.2736890061
2.1600000000	8.2318543039E-10	-45.0000000000
2.1590000000	8.2318543039E-10	-45.0000000000
2.1580000000	8.2318543039E-10	-45.0000000000
2.1570000000	8.2318543039E-10	-45.0000000000
2.1560000000	8.2318543039E-10	-45.0000000000
2.1550000000	8.2318543039E-10	-45.0000000000
2.1540000000	8.2318543039E-10	-45.0000000000
2.1530000000	8.2318543039E-10	-45.0000000000
2.1520000000	8.2318543039E-10	-45.0000000000
2.1510000000	8.2318543039E-10	-45.0000000000
2.1500000000	8.2318543039E-10	-45.0000000000
2.1490000000	7.8310921750E-10	-48.0127331215
2.1480000000	7.8310921750E-10	-48.0127331215
2.1470000000	7.8310921750E-10	-48.0127331215
2.1460000000	7.8310921750E-10	-48.0127331215
2.1450000000	7.4086830156E-10	-45.0000000000
2.1440000000	7.8310921750E-10	-48.0127331215
2.1430000000	7.4086830156E-10	-45.0000000000
2.1420000000	7.0091854902E-10	-48.3664538750
2.1410000000	7.0091854902E-10	-48.3664538750
2.1400000000	7.0091854902E-10	-48.3664538750
2.1390000000	6.6367348685E-10	-52.1251374970
2.1380000000	6.6367348685E-10	-52.1251374970
2.1370000000	6.6367348685E-10	-52.1251374970
2.1360000000	6.6367348685E-10	-52.1251374970
2.1350000000	6.6367348685E-10	-52.1251374970
2.1340000000	6.2961661798E-10	-56.3099829523
2.1330000000	5.8208080000E-10	-53.1301614138
2.1320000000	5.8208080000E-10	-53.1301614138
2.1310000000	5.8208080000E-10	-53.1301614138
2.1300000000	5.8208080000E-10	-53.1301614138
2.1290000000	5.4913402173E-10	-57.9946720912
2.1280000000	5.4913402173E-10	-57.9946720912
2.1270000000	5.4913402173E-10	-57.9946720912
2.1260000000	5.0072333541E-10	-54.4622556993
2.1250000000	4.4329800180E-10	-66.8013585727
2.1240000000	4.4329800180E-10	-66.8013585727
2.1230000000	4.4329800180E-10	-66.8013585727
2.1220000000	3.9047113450E-10	-63.4349488229
2.1210000000	3.6813971609E-10	-71.5650511771
2.1200000000	3.6813971609E-10	-71.5650511771
2.1190000000	3.5406545780E-10	-80.5376618299
2.1180000000	3.4924800000E-10	90.0000000000
2.1170000000	2.9104000000E-10	90.0000000000
2.1160000000	2.9104000000E-10	90.0000000000
2.1150000000	2.9680374746E-10	78.6900485966
2.1140000000	2.9680374746E-10	78.6900485966
2.1130000000	3.1345967309E-10	68.1985905136
2.1120000000	3.1345967309E-10	68.1985905136
2.1110000000	2.9104000000E-10	53.1301023542
2.1100000000	3.2927417215E-10	45.0000000000
2.1090000000	3.2927417215E-10	45.0000000000
2.1080000000	3.3940804790E-10	30.9637565321
2.1070000000	3.3940804790E-10	30.9637565321
2.1060000000	3.6813971609E-10	18.4349488229
2.1050000000	3.6813971609E-10	18.4349488229
2.1040000000	4.7999643465E-10	14.0362145172
2.1030000000	4.6928890369E-10	7.1250133202
2.1020000000	5.2709686305E-10	6.3401905455
2.1010000000	5.8498317010E-10	5.7106028833
2.1000000000	6.4292838314E-10	5.1944377828
2.0990000000	6.9849500000E-10	0.0000000000
2.0980000000	6.9849500000E-10	0.0000000000
2.0970000000	8.1698722195E-10	-4.0856287718
2.0960000000	8.2318444044E-10	-8.1301121975
2.0950000000	9.3857778258E-10	-7.1250012054
2.0940000000	1.0048268586E-9	-10.0079698921
2.0930000000	1.0622022425E-9	-9.4622690014
2.0920000000	1.1301929670E-9	-11.8886789273
2.0910000000	1.1999886613E-9	-14.0362434679
2.0900000000	1.2565399709E-9	-13.3924766309
2.0890000000	1.3132362385E-9	-12.8042273885
2.0880000000	1.4399844533E-9	-14.0362627685
2.0870000000	1.5111673028E-9	-15.6422099465
2.0860000000	1.5673000367E-9	-15.0684338518
2.0850000000	1.6391466940E-9	-16.5044544774
2.0840000000	1.7674524608E-9	-17.2415095762
2.0830000000	1.8231283712E-9	-16.6992743358
2.0820000000	1.9514915839E-9	-17.3539896069
2.0810000000	2.0247741306E-9	-18.4348951324
2.0800000000	2.1355276915E-9	-17.4471884233
2.0790000000	2.2641375742E-9	-17.9690844409
2.0780000000	2.3377650178E-9	-18.8860165812
2.0770000000	2.4668104833E-9	-19.2900242965
2.0760000000	2.5769814911E-9	-18.4348996066
2.0750000000	2.7058869829E-9	-18.8246835994
2.0740000000	2.8545690707E-9	-20.2825640003
2.0730000000	2.9839745815E-9	-20.5561800591
2.0720000000	3.0932520464E-9	-19.7989809219
2.0710000000	3.2225307103E-9	-20.0715290761
2.0700000000	3.3725484800E-9	-21.2505494896
2.0690000000	3.4812988017E-9	-20.5561222709
2.0680000000	3.6652551847E-9	-20.4496171220
2.0670000000	3.8156139116E-9	-21.4768070147
2.0660000000	3.9994519803E-9	-21.3368175919
2.0650000000	4.1290797063E-9	-21.5014499731
2.0640000000	4.3128999109E-9	-21.3705093138
2.0630000000	4.5181587667E-9	-21.9384379905
2.0620000000	4.7018950964E-9	-21.8014094864
2.0610000000	4.8856618965E-9	-21.6745359458
2.0600000000	5.0911248344E-9	-22.1663998636
2.0590000000	5.2748113659E-9	-22.0362149537
2.0580000000	5.4585270290E-9	-21.9148898329
2.0570000000	5.6641513864E-9	-22.3481457709
2.0560000000	5.8478026475E-9	-22.2250996945
2.0550000000	6.0536246154E-9	-22.6198940702
2.0540000000	6.2372244588E-9	-22.4964955041
2.0530000000	6.4969046184E-9	-22.6593330772
2.0520000000	6.7566370979E-9	-22.8097308284
2.0510000000	6.9939213515E-9	-22.5098621997
2.0500000000	7.1999193558E-9	-22.8336618982
2.0490000000	7.4597005651E-9	-22.9638150125
2.0480000000	7.7195137558E-9	-23.0851392694
2.0470000000	7.9793632446E-9	-23.1986282275
2.0460000000	8.2164142895E-9	-22.9320732667
2.0450000000	8.5526229644E-9	-23.2497420975
2.0440000000	8.7896073222E-9	-22.9992692731
2.0430000000	9.1258610812E-9	-23.2945087915
2.0420000000	9.3857666627E-9	-23.3852513442
2.0410000000	9.6991080715E-9	-23.3340380860
2.0400000000	1.0035614851E-8	-23.5913482419
2.0390000000	1.0348923811E-8	-23.5371109613
2.0380000000	1.0608883155E-8	-23.6113982112
2.0370000000	1.0998863347E-8	-23.7161654669
2.0360000000	1.1365448389E-8	-23.5454585560
2.0350000000	1.1702150940E-8	-23.7598827087
2.0340000000	1.2015393247E-8	-23.7088503245
2.0330000000	1.2405444573E-8	-23.7986431059
2.0320000000	1.2771972335E-8	-23.6443276116
2.0310000000	1.3185439633E-8	-23.9625639797
2.0300000000	1.3605228835E-8	-23.7136074986
2.0290000000	1.3941950793E-8	-23.8896885189
2.0280000000	1.4332053812E-8	-23.9624524428
2.0270000000	1.4698482186E-8	-23.8243147663
2.0260000000	1.5088564148E-8	-23.8951205442
2.0250000000	1.5401783850E-8	-23.8525923461
2.0240000000	1.5845093331E-8	-23.8342181353
2.0230000000	1.6288404354E-8	-23.8168440810
2.0220000000	1.6755200810E-8	-23.9826546951
2.0210000000	1.7145334365E-8	-24.0413944766
2.0200000000	1.7665413244E-8	-24.1158253203
2.0190000000	1.8085010649E-8	-23.9249526568
2.0180000000	1.8605145953E-8	-23.9988383267
2.0170000000	1.9072081838E-8	-24.1400517315
2.0160000000	1.9568498556E-8	-24.0489972173
2.0150000000	2.0141713670E-8	-24.0466132523
2.0140000000	2.0661883699E-8	-24.1100054744
2.0130000000	2.1158310347E-8	-24.0264729056
2.0120000000	2.1625261522E-8	-24.1504173345
2.0110000000	2.2121665802E-8	-24.0696156367
2.0100000000	2.2694880584E-8	-24.0669790982
2.0090000000	2.3238908051E-8	-24.2539273820
2.0080000000	2.3865285659E-8	-24.1894975241
2.0070000000	2.4491704164E-8	-24.1284273939
2.0060000000	2.5064905339E-8	-24.1246325918
2.0050000000	2.5585090672E-8	-24.1741790384
2.0040000000	2.6211531400E-8	-24.1175617799
2.0030000000	2.6861647975E-8	-24.1768316737
2.0020000000	2.7488046067E-8	-24.1225930522
2.0010000000	2.8085212609E-8	-24.2277918275
2.0000000000	2.8788532190E-8	-24.2329904740
1.9990000000	2.9414812993E-8	-24.1811887383
1.9980000000	3.0012027877E-8	-24.2784677218
1.9970000000	3.0585314008E-8	-24.2724689260
1.9960000000	3.1211667212E-8	-24.2227818203
1.9950000000	3.1861871551E-8	-24.2707672507
1.9940000000	3.2565192842E-8	-24.2744348448
1.9930000000	3.3321707975E-8	-24.2368869007
1.9920000000	3.4025027936E-8	-24.2410974676
1.9910000000	3.4805326207E-8	-24.2931519875
1.9900000000	3.5431709446E-8	-24.2491645618
1.9890000000	3.6135029911E-8	-24.2528902964
1.9880000000	3.6968425522E-8	-24.2647397067
1.9870000000	3.7801822644E-8	-24.2760666419
1.9860000000	3.8582138276E-8	-24.3223183105
1.9850000000	3.9338410726E-8	-24.2895796530
1.9840000000	4.0041773779E-8	-24.2923624250
1.9830000000	4.0875133125E-8	-24.3021467553
1.9820000000	4.1578496579E-8	-24.3046140857
1.9810000000	4.2334866520E-8	-24.2744532299
1.9800000000	4.3168264781E-8	-24.2841845354
1.9790000000	4.4054676024E-8	-24.2622878396
1.9780000000	4.4911986931E-8	-24.3394405323
1.9770000000	4.5721429495E-8	-24.2809928726
1.9760000000	4.6631785096E-8	-24.3255506999
1.9750000000	4.7542209079E-8	-24.3685118599
1.9740000000	4.8481624685E-8	-24.3186935150
1.9730000000	4.9315028190E-8	-24.3264642436
1.9720000000	5.0225410759E-8	-24.3670097729
1.9710000000	5.1034828668E-8	-24.3142100420
1.9700000000	5.1945294434E-8	-24.3535824738
1.9690000000	5.2778701766E-8	-24.3602923219
1.9680000000	5.3534957662E-8	-24.3356989542
1.9670000000	5.4421485355E-8	-24.3171868758
1.9660000000	5.5331861092E-8	-24.3541431900
1.9650000000	5.6348332871E-8	-24.3411208176
1.9640000000	5.7364766262E-8	-24.3284689337
1.9630000000	5.8381243529E-8	-24.3163470305
1.9620000000	5.9291617982E-8	-24.3508481330
1.9610000000	6.0149051032E-8	-24.4072808750
1.9600000000	6.1011413603E-8	-24.3399104022
1.9590000000	6.1974952261E-8	-24.3504416758
1.9580000000	6.2861342762E-8	-24.3341616857
1.9570000000	6.3694747916E-8	-24.3399757046
1.9560000000	6.4528112486E-8	-24.3455586469
1.9550000000	6.5544768170E-8	-24.3344244715
1.9540000000	6.6325109493E-8	-24.3606430551
1.9530000000	6.7211537901E-8	-24.3453598914
1.9520000000	6.8198966669E-8	-24.3993586261
1.9510000000	6.9138395533E-8	-24.3640810746
1.9500000000	7.0154914687E-8	-24.3533694447
1.9490000000	7.1041345206E-8	-24.3390009469
1.9480000000	7.1951731635E-8	-24.3671448517
1.9470000000	7.2915225558E-8	-24.3758401111
1.9460000000	7.3801607773E-8	-24.3616684036
1.9450000000	7.4712048915E-8	-24.3885661532
1.9440000000	7.5598427049E-8	-24.3745820675
1.9430000000	7.6614893872E-8	-24.3647332718
1.9420000000	7.7395249986E-8	-24.3868961199
1.9410000000	7.8204644164E-8	-24.3522342299
1.9400000000	7.8984993678E-8	-24.3740744894
1.9390000000	7.9871417526E-8	-24.3610646930
1.9380000000	8.0728812261E-8	-24.4029381744
1.9370000000	8.1668236483E-8	-24.3730318602
1.9360000000	8.2501604440E-8	-24.3770646163
1.9350000000	8.3518161696E-8	-24.3679713524
1.9340000000	8.4274503837E-8	-24.3522515786
1.9330000000	8.5160893114E-8	-24.3402156985
1.9320000000	8.6071320113E-8	-24.3637905324
1.9310000000	8.6981761379E-8	-24.3868718529
1.9300000000	8.7815130688E-8	-24.3905292526
1.9290000000	8.8571463592E-8	-24.3753794810
1.9280000000	8.9274828726E-8	-24.3759516310
1.9270000000	9.0185235775E-8	-24.3980324421
1.9260000000	9.0994618813E-8	-24.3681434857
1.9250000000	9.1905021039E-8	-24.3898884529
1.9240000000	9.2791439610E-8	-24.3785390366
1.9230000000	9.3624808091E-8	-24.3820436563
1.9220000000	9.4405213408E-8	-24.4001253853
1.9210000000	9.5344596835E-8	-24.3744818622
1.9200000000	9.6361063449E-8	-24.3666523245
1.9190000000	9.7348506724E-8	-24.4042659807
1.9180000000	9.8234920595E-8	-24.3934157339
1.9170000000	9.8914221977E-8	-24.3630483837
1.9160000000	9.9641568752E-8	-24.3940816090
1.9150000000	1.0047498004E-7	-24.3972703105
1.9140000000	1.0110126506E-7	-24.3811579328
1.9130000000	1.0180463028E-7	-24.3816197412
1.9120000000	1.0263799905E-7	-24.3847915877
1.9110000000	1.0360145476E-7	-24.3906968696
1.9100000000	1.0454084429E-7	-24.3673938780
1.9090000000	1.0537425290E-7	-24.3706453985
1.9080000000	1.0615461051E-7	-24.3867604367
1.9070000000	1.0711802526E-7	-24.3924054299
1.9060000000	1.0800444278E-7	-24.3826339821
1.9050000000	1.0883781164E-7	-24.3856173823
1.9040000000	1.0961821814E-7	-24.4011642555
1.9030000000	1.1042728190E-7	-24.3765291687
1.9020000000	1.1128500100E-7	-24.4067691989
1.9010000000	1.1198805200E-7	-24.4070449891
1.9000000000	1.1274487416E-7	-24.3949739395
1.8990000000	1.1370819931E-7	-24.4002429875
1.8980000000	1.1454188437E-7	-24.4029332606
1.8970000000	1.1532180295E-7	-24.4176514254
1.8960000000	1.1605454339E-7	-24.3796473311
1.8950000000	1.1701790700E-7	-24.3849381207
1.8940000000	1.1779781623E-7	-24.3994660631
1.8930000000	1.1863150121E-7	-24.4020690535
1.8920000000	1.1946514511E-7	-24.4045920390
1.8910000000	1.2024510573E-7	-24.4187402176
1.8900000000	1.2100188157E-7	-24.4073766161
1.8890000000	1.2157433938E-7	-24.4054348583
1.8880000000	1.2225430602E-7	-24.3807054111
1.8870000000	1.2298139333E-7	-24.4058023134
1.8860000000	1.2376135447E-7	-24.4195408934
1.8850000000	1.2433472195E-7	-24.4173957293
1.8840000000	1.2503868359E-7	-24.4173935637
1.8830000000	1.2568896603E-7	-24.4285509604
1.8820000000	1.2636795909E-7	-24.4046483778
1.8810000000	1.2707101007E-7	-24.4049031663
1.8800000000	1.2779907133E-7	-24.4287719012
1.8790000000	1.2844931716E-7	-24.4395913116
1.8780000000	1.2920521500E-7	-24.4290509069
1.8770000000	1.2972577554E-7	-24.4375470852
1.8760000000	1.3022135397E-7	-24.4228457975
1.8750000000	1.3081883521E-7	-24.4440417740
1.8740000000	1.3142185450E-7	-24.4081624222
1.8730000000	1.3207209154E-7	-24.4187865210
1.8720000000	1.3259264862E-7	-24.4271392957
1.8710000000	1.3324293505E-7	-24.4376165805
1.8700000000	1.3381630103E-7	-24.4355459630
1.8690000000	1.3428315420E-7	-24.4541423477
1.8680000000	1.3477967459E-7	-24.4397399644
1.8670000000	1.3527525159E-7	-24.4255798849
1.8660000000	1.3584861857E-7	-24.4235910466
1.8650000000	1.3626270397E-7	-24.4520803926
1.8640000000	1.3665358495E-7	-24.4579769117
1.8630000000	1.3722694919E-7	-24.4558726875
1.8620000000	1.3774660834E-7	-24.4639449798
1.8610000000	1.3819032615E-7	-24.4598214725
1.8600000000	1.3850340621E-7	-24.4538079633
1.8590000000	1.3894617405E-7	-24.4498724227
1.8580000000	1.3941394800E-7	-24.4675663360
1.8570000000	1.3972702609E-7	-24.4615881349
1.8560000000	1.4016983403E-7	-24.4576995819
1.8550000000	1.4045422830E-7	-24.4831813357
1.8540000000	1.4082009177E-7	-24.4674349516
1.8530000000	1.4126376756E-7	-24.4633532792
1.8520000000	1.4152314295E-7	-24.4673518138
1.8510000000	1.4183717273E-7	-24.4613324854
1.8500000000	1.4217435623E-7	-24.4768200740
1.8490000000	1.4235683368E-7	-24.4691234262
1.8480000000	1.4256433312E-7	-24.4825708057
1.8470000000	1.4282462185E-7	-24.4863317559
1.8460000000	1.4305988485E-7	-24.4690328836
1.8450000000	1.4324327512E-7	-24.4612281094
1.8440000000	1.4334429116E-7	-24.4939783976
1.8430000000	1.4347493284E-7	-24.4957935586
1.8420000000	1.4371109880E-7	-24.4783922795
1.8410000000	1.4384087057E-7	-24.4804182779
1.8400000000	1.4449113765E-7	-24.4898040618
1.8390000000	1.4519423015E-7	-24.4896506229
1.8380000000	1.4563790200E-7	-24.4856238626
1.8370000000	1.4584450100E-7	-24.4989081478
1.8360000000	1.4618170943E-7	-24.5138844931
1.8350000000	1.4654850340E-7	-24.4985503233
1.8340000000	1.4691435628E-7	-24.4834188542
1.8330000000	1.4756462455E-7	-24.4925959278
1.8320000000	1.4836877686E-7	-24.5240523900
1.8310000000	1.4928474985E-7	-24.4864291721
1.8300000000	1.5050842161E-7	-24.4934214613
1.8290000000	1.5188593269E-7	-24.5221101884
1.8280000000	1.5316234163E-7	-24.5196570187
1.8270000000	1.5456939436E-7	-24.5189096095
1.8260000000	1.5649612683E-7	-24.5250739642
1.8250000000	1.5860622999E-7	-24.5239678437
1.8240000000	1.6118329244E-7	-24.5381629125
1.8230000000	1.6381399028E-7	-24.5433048144
1.8220000000	1.6657351612E-7	-24.5500908496
1.8210000000	1.6933391222E-7	-24.5564843128
1.8200000000	1.7240740527E-7	-24.5576851867
1.8190000000	1.7540391666E-7	-24.5493974301
1.8180000000	1.7868495526E-7	-24.5613138187
1.8170000000	1.8196509188E-7	-24.5729314161
1.8160000000	1.8470133660E-7	-24.5620608096
1.8150000000	1.8785173528E-7	-24.5718355120
1.8140000000	1.9131613862E-7	-24.5766381731
1.8130000000	1.9490933137E-7	-24.5827654761
1.8120000000	1.9871009388E-7	-24.5981939057
1.8110000000	2.0272367437E-7	-24.5855243135
1.8100000000	2.0618713041E-7	-24.5898409305
1.8090000000	2.0913001760E-7	-24.5891802030
1.8080000000	2.1238686056E-7	-24.5843142537
1.8070000000	2.1603370665E-7	-24.5832047583
1.8060000000	2.1981025034E-7	-24.5833492305
1.8050000000	2.2275404714E-7	-24.5827076727
1.8040000000	2.2551354383E-7	-24.5872148524
1.8030000000	2.2814425297E-7	-24.5903412707
1.8020000000	2.3106383755E-7	-24.5765109865
1.8010000000	2.3371789144E-7	-24.5927827150
1.8000000000	2.3606407980E-7	-24.5807437461
1.7990000000	2.3832809186E-7	-24.5933617702
1.7980000000	2.4049076375E-7	-24.5861956462
1.7970000000	2.4262537325E-7	-24.5975891224
1.7960000000	2.4447487320E-7	-24.5940217347
1.7950000000	2.4614152717E-7	-24.5953944368
1.7940000000	2.4770229545E-7	-24.6077065532
1.7930000000	2.4882501727E-7	-24.5926368491
1.7920000000	2.4997188548E-7	-24.5897921700
1.7910000000	2.5137798377E-7	-24.5890141447
1.7900000000	2.5223569726E-7	-24.6015299775
1.7890000000	2.5338256352E-7	-24.5986833372
1.7880000000	2.5416249312E-7	-24.6047197436
1.7870000000	2.5468319266E-7	-24.6087291992
1.7860000000	2.5551676673E-7	-24.6091937791
1.7850000000	2.5595967352E-7	-24.6068700170
1.7840000000	2.5637400695E-7	-24.6217363239
1.7830000000	2.5710612226E-7	-24.6038381722
1.7820000000	2.5780917097E-7	-24.6034205600
1.7810000000	2.5859042834E-7	-24.6094485215
1.7800000000	2.5910980371E-7	-24.6132710204
1.7790000000	2.5950088893E-7	-24.6162136195
1.7780000000	2.5983833927E-7	-24.6245670551
1.7770000000	2.6007341122E-7	-24.6148863069
1.7760000000	2.6041086068E-7	-24.6232230972
1.7750000000	2.6062269144E-7	-24.6018810054
1.7740000000	2.6087842599E-7	-24.6322081666
1.7730000000	2.6106209276E-7	-24.6279707233
1.7720000000	2.6126860660E-7	-24.6351939115
1.7710000000	2.6139913399E-7	-24.6360598535
1.7700000000	2.6158147368E-7	-24.6317203273
1.7690000000	2.6152875247E-7	-24.6370162584
1.7680000000	2.6155730551E-7	-24.6201711702
1.7670000000	2.6163025903E-7	-24.6550112690
1.7660000000	2.6160606943E-7	-24.6434664178
1.7650000000	2.6142331678E-7	-24.6476145287
1.7640000000	2.6095141304E-7	-24.6671355357
1.7630000000	2.6095141304E-7	-24.6671355357
1.7620000000	2.6087450117E-7	-24.6608758034
1.7610000000	2.6079759242E-7	-24.6546123791
1.7600000000	2.6082179228E-7	-24.6661919820
1.7590000000	2.6108103388E-7	-24.6680781524
1.7580000000	2.6118736112E-7	-24.6573662147
1.7570000000	2.6113465075E-7	-24.6626753157
1.7560000000	2.6123619410E-7	-24.6806875004
1.7550000000	2.6102832803E-7	-24.6733915790
1.7540000000	2.6089870680E-7	-24.6724514117
1.7530000000	2.6076392400E-7	-24.7000827428
1.7520000000	2.6053223993E-7	-24.6813999552
1.7510000000	2.6045490349E-7	-24.6749344643
1.7500000000	2.6032528215E-7	-24.6739929942
1.7490000000	2.6029680141E-7	-24.6909237069
1.7480000000	2.6024319669E-7	-24.6963497571
1.7470000000	2.5998395089E-7	-24.6944856993
1.7460000000	2.6003664782E-7	-24.6891466573
1.7450000000	2.6008512180E-7	-24.7123650309
1.7440000000	2.5988189664E-7	-24.6766844935
1.7430000000	2.5936208502E-7	-24.6727996195
1.7420000000	2.5912573138E-7	-24.6824508976
1.7410000000	2.5935783498E-7	-24.7014347644
1.7400000000	2.5967110137E-7	-24.6980562746
1.7390000000	2.5930423479E-7	-24.7068826356
1.7380000000	2.5873081446E-7	-24.7085100279
1.7370000000	2.5831259677E-7	-24.7228714408
1.7360000000	2.5795083761E-7	-24.7028943516
1.7350000000	2.5750704038E-7	-24.7054582963
1.7340000000	2.5716576049E-7	-24.7262173361
1.7330000000	2.5685292000E-7	-24.7298657366
1.7320000000	2.5623099371E-7	-24.7080005304
1.7310000000	2.5555219934E-7	-24.7205217101
1.7300000000	2.5536898227E-7	-24.7251209366
1.7290000000	2.5523893898E-7	-24.7239822926
1.7280000000	2.5503146602E-7	-24.7167541713
1.7270000000	2.5492609786E-7	-24.7276555262
1.7260000000	2.5487341724E-7	-24.7331095836
1.7250000000	2.5503146602E-7	-24.7167541713
1.7240000000	2.5500304293E-7	-24.7340411316
1.7230000000	2.5442962616E-7	-24.7357572437
1.7220000000	2.5411678841E-7	-24.7394566718
1.7210000000	2.5398716233E-7	-24.7385246371
1.7200000000	2.5369818724E-7	-24.7539251978
1.7190000000	2.5330839794E-7	-24.7512385241
1.7180000000	2.5328412002E-7	-24.7393235621
1.7170000000	2.5354337236E-7	-24.7411910303
1.7160000000	2.5377556417E-7	-24.7605387522
1.7150000000	2.5390519183E-7	-24.7614603246
1.7140000000	2.5395876854E-7	-24.7558851175
1.7130000000	2.5382823317E-7	-24.7550554127
1.7120000000	2.5372289749E-7	-24.7660243681
1.7110000000	2.5364551776E-7	-24.7594111139
1.7100000000	2.5369818724E-7	-24.7539251978
1.7090000000	2.5408433656E-7	-24.7860392489
1.7080000000	2.5437327336E-7	-24.7706255858
1.7070000000	2.5432061097E-7	-24.7761003981
1.7060000000	2.5445023973E-7	-24.7770120687
1.7050000000	2.5463343816E-7	-24.7723589121
1.7040000000	2.5450290174E-7	-24.7715398563
1.7030000000	2.5437327336E-7	-24.7706255858
1.7020000000	2.5444622609E-7	-24.8062016672
1.7010000000	2.5486476860E-7	-24.7916897501
1.7000000000	2.5489402223E-7	-24.7742927954
1.6990000000	2.5484045346E-7	-24.7798514114
1.6980000000	2.5481211514E-7	-24.7971583552
1.6970000000	2.5486476860E-7	-24.7916897501
1.6960000000	2.5488909463E-7	-24.8035258298
1.6950000000	2.5507228347E-7	-24.7988616367
1.6940000000	2.5501963306E-7	-24.8043272725
1.6930000000	2.5520191383E-7	-24.7997590605
1.6920000000	2.5525547401E-7	-24.7942041383
1.6910000000	2.5493777930E-7	-24.8271912102
1.6900000000	2.5491343153E-7	-24.8153596499
1.6890000000	2.5514926380E-7	-24.8052221046
1.6880000000	2.5525101138E-7	-24.8235998857
1.6870000000	2.5490992474E-7	-24.8447007675
1.6860000000	2.5477987114E-7	-24.8436211096
1.6850000000	2.5475550828E-7	-24.8317837860
1.6840000000	2.5454406918E-7	-24.8538089398
1.6830000000	2.5410511098E-7	-24.8273460249
1.6820000000	2.5379229989E-7	-24.8311630755
1.6810000000	2.5371397932E-7	-24.8246663127
1.6800000000	2.5347906992E-7	-24.8347844133
1.6790000000	2.5306008894E-7	-24.8497476595
1.6780000000	2.5279949377E-7	-24.8478775269
1.6770000000	2.5261723015E-7	-24.8525239021
1.6760000000	2.5246231850E-7	-24.8397956905
1.6750000000	2.5209645950E-7	-24.8489851755
1.6740000000	2.5175928355E-7	-24.8408822542
1.6730000000	2.5178365483E-7	-24.8528595611
1.6720000000	2.5170279478E-7	-24.8759374620
1.6710000000	2.5089745222E-7	-24.8587642849
1.6700000000	2.5053160667E-7	-24.8680388688
1.6690000000	2.5019441889E-7	-24.8599109454
1.6680000000	2.4982857416E-7	-24.8692133077
1.6670000000	2.4962102029E-7	-24.8619492533
1.6660000000	2.4925517701E-7	-24.8712760070
1.6650000000	2.4907201458E-7	-24.8761023885
1.6640000000	2.4873482182E-7	-24.8679377009
1.6630000000	2.4808441221E-7	-24.8634870259
1.6620000000	2.4784820546E-7	-24.8737592445
1.6610000000	2.4800357127E-7	-24.8869126224
1.6600000000	2.4774297080E-7	-24.8850434131
1.6590000000	2.4722261213E-7	-24.8817136651
1.6580000000	2.4664921696E-7	-24.8838272179
1.6570000000	2.4570999595E-7	-24.8954476791
1.6560000000	2.4508778981E-7	-24.8730086281
1.6550000000	2.4446177532E-7	-24.8808383263
1.6540000000	2.4391321109E-7	-24.8955464182
1.6530000000	2.4354739178E-7	-24.9051422205
1.6520000000	2.4318576966E-7	-24.8844371755
1.6510000000	2.4258418065E-7	-24.9047841099
1.6500000000	2.4211600527E-7	-24.8954319669
1.6490000000	2.4185673162E-7	-24.8936416052
1.6480000000	2.4151443291E-7	-24.9158964120
1.6470000000	2.4125515658E-7	-24.9141235790
1.6460000000	2.4083958254E-7	-24.8989274003
1.6450000000	2.4013655291E-7	-24.9002396704
1.6440000000	2.3971855525E-7	-24.9160494571
1.6430000000	2.3919776764E-7	-24.9124582127
1.6420000000	2.3883238187E-7	-24.9224869357
1.6410000000	2.3844123103E-7	-24.9197916515
1.6400000000	2.3810030393E-7	-24.9425200056
1.6390000000	2.3760856491E-7	-24.9202817205
1.6380000000	2.3711221742E-7	-24.9293784220
1.6370000000	2.3672214066E-7	-24.9266607273
1.6360000000	2.3648632059E-7	-24.9376653323
1.6350000000	2.3630309831E-7	-24.9427599971
1.6340000000	2.3617337404E-7	-24.9418252586
1.6330000000	2.3586038657E-7	-24.9459741980
1.6320000000	2.3526254341E-7	-24.9355391671
1.6310000000	2.3502673042E-7	-24.9466210226
1.6300000000	2.3479092623E-7	-24.9577251379
1.6290000000	2.3453056912E-7	-24.9559622033
1.6280000000	2.3442888679E-7	-24.9361505331
1.6270000000	2.3419307430E-7	-24.9472724522
1.6260000000	2.3377492038E-7	-24.9634571782
1.6250000000	2.3377492038E-7	-24.9634571782
1.6240000000	2.3408790264E-7	-24.9592479009
1.6230000000	2.3390464610E-7	-24.9643895043
1.6220000000	2.3340940322E-7	-24.9737097220
1.6210000000	2.3362063881E-7	-24.9495835726
1.6200000000	2.3366976256E-7	-24.9754613407
1.6190000000	2.3382411191E-7	-24.9893371647
1.6180000000	2.3390127059E-7	-24.9962571085
1.6170000000	2.3366976256E-7	-24.9754613407
1.6160000000	2.3366976256E-7	-24.9754613407
1.6150000000	2.3366976256E-7	-24.9754613407
1.6140000000	2.3387668361E-7	-24.9833345760
1.6130000000	2.3447456232E-7	-24.9937094140
1.6120000000	2.3473492413E-7	-24.9954309013
1.6110000000	2.3497069832E-7	-24.9842863017
1.6100000000	2.3478749322E-7	-24.9894502340
1.6090000000	2.3507244868E-7	-25.0040314773
1.6080000000	2.3559321732E-7	-25.0074611348
1.6070000000	2.3575091677E-7	-24.9895844074
1.6060000000	2.3559321732E-7	-25.0074611348
1.6050000000	2.3535746163E-7	-25.0185994716
1.6040000000	2.3548719094E-7	-25.0194951548
1.6030000000	2.3535746163E-7	-25.0185994716
1.6020000000	2.3590190798E-7	-25.0348824513
1.6010000000	2.3660599807E-7	-25.0331319286
1.6000000000	2.3689421525E-7	-25.0160606263
1.5990000000	2.3686619540E-7	-25.0347069256
1.5980000000	2.3634537781E-7	-25.0313338094
1.5970000000	2.3634537781E-7	-25.0313338094
1.5960000000	2.3613765065E-7	-25.0237535389
1.5950000000	2.3657800122E-7	-25.0518029645
1.5940000000	2.3702039140E-7	-25.0482475324
1.5930000000	2.3712548687E-7	-25.0363807206
1.5920000000	2.3730901306E-7	-25.0314064449
1.5910000000	2.3748776471E-7	-25.0576012267
1.5900000000	2.3743522479E-7	-25.0635289622
1.5890000000	2.3780093004E-7	-25.0534429027
1.5880000000	2.3829378780E-7	-25.0752864741
1.5870000000	2.3826921269E-7	-25.0626539001
1.5860000000	2.3816413972E-7	-25.0744753163
1.5850000000	2.3803316214E-7	-25.0735472597
1.5840000000	2.3816413972E-7	-25.0744753163
1.5830000000	2.3831837450E-7	-25.0879164422
1.5820000000	2.3813914176E-7	-25.0616178353
1.5810000000	2.3792809853E-7	-25.0853852142
1.5800000000	2.3818872568E-7	-25.0871122427
1.5790000000	2.3826584759E-7	-25.0938301971
1.5780000000	2.3792809853E-7	-25.0853852142
1.5770000000	2.3758654076E-7	-25.1085024976
1.5760000000	2.3758654076E-7	-25.1085024976
1.5750000000	2.3800564368E-7	-25.0923290990
1.5740000000	2.3769249013E-7	-25.0965350739
1.5730000000	2.3732724078E-7	-25.1069107521
1.5720000000	2.3758654076E-7	-25.1085024976
1.5710000000	2.3763996693E-7	-25.1024663091
1.5700000000	2.3771709632E-7	-25.1091947900
1.5690000000	2.3758654076E-7	-25.1085024976
1.5680000000	2.3771709632E-7	-25.1091947900
1.5670000000	2.3763621143E-7	-25.1340463940
1.5660000000	2.3750613524E-7	-25.1330466669
1.5650000000	2.3755864531E-7	-25.1271053298
1.5640000000	2.3771709632E-7	-25.1091947900
1.5630000000	2.3748150719E-7	-25.1203781767
1.5620000000	2.3701035614E-7	-25.1428116460
1.5610000000	2.3675062740E-7	-25.1410345220
1.5600000000	2.3680313404E-7	-25.1350724581
1.5590000000	2.3716556263E-7	-25.1561710140
1.5580000000	2.3719022349E-7	-25.1688526591
1.5570000000	2.3711627578E-7	-25.1307998132
1.5560000000	2.3745362773E-7	-25.1389906317
1.5550000000	2.3768550418E-7	-25.1593614218
1.5540000000	2.3737279649E-7	-25.1638799661
1.5530000000	2.3695785283E-7	-25.1487702109
1.5520000000	2.3716556263E-7	-25.1561710140
1.5510000000	2.3745086080E-7	-25.1704934382
1.5500000000	2.3719022349E-7	-25.1688526591
1.5490000000	2.3682502876E-7	-25.1793618664
1.5480000000	2.3656481582E-7	-25.1779457059
1.5470000000	2.3643383149E-7	-25.1770686927
1.5460000000	2.3614895173E-7	-25.1629121306
1.5450000000	2.3622701559E-7	-25.1695601857
1.5440000000	2.3658949664E-7	-25.1906572811
1.5430000000	2.3703184995E-7	-25.1868428777
1.5420000000	2.3721532145E-7	-25.1817502473
1.5410000000	2.3700448589E-7	-25.2057171794
1.5400000000	2.3700448589E-7	-25.2057171794
1.5390000000	2.3715884828E-7	-25.2191386381
1.5380000000	2.3721222601E-7	-25.2130666591
1.5370000000	2.3713414136E-7	-25.2064605482
1.5360000000	2.3726470164E-7	-25.2071002580
1.5350000000	2.3770747624E-7	-25.2034841795
1.5340000000	2.3806958247E-7	-25.2241807032
1.5330000000	2.3817192668E-7	-25.2436968557
1.5320000000	2.3846078739E-7	-25.2263808581
1.5310000000	2.3898074473E-7	-25.2294012192
1.5300000000	2.3924096282E-7	-25.2307471122
1.5290000000	2.3908266973E-7	-25.2486240059
1.5280000000	2.3931815449E-7	-25.2373892198
1.5270000000	2.3962828444E-7	-25.2640290412
1.5260000000	2.4007104395E-7	-25.2603435694
1.5250000000	2.4017686138E-7	-25.2484329991
1.5240000000	2.4014915426E-7	-25.2668513675
1.5230000000	2.4056422572E-7	-25.2815569673
1.5220000000	2.4129489373E-7	-25.2608015011
1.5210000000	2.4137300426E-7	-25.2672761541
1.5200000000	2.4157987261E-7	-25.2745410536
1.5190000000	2.4238616733E-7	-25.2912061909
1.5180000000	2.4342701448E-7	-25.2967590864
1.5170000000	2.4431299370E-7	-25.2890852528
1.5160000000	2.4459800102E-7	-25.3026223170
1.5150000000	2.4470287735E-7	-25.2910138387
1.5140000000	2.4504075003E-7	-25.2989418583
1.5130000000	2.4574462853E-7	-25.2964155734
1.5120000000	2.4626460084E-7	-25.2991987285
1.5110000000	2.4696757517E-7	-25.2967833642
1.5100000000	2.4782590181E-7	-25.3070714553
1.5090000000	2.4886765939E-7	-25.3123381871
1.5080000000	2.4946486733E-7	-25.3213991445
1.5070000000	2.5011541023E-7	-25.3246343534
1.5060000000	2.5102660909E-7	-25.3292397276
1.5050000000	2.5188496065E-7	-25.3392514289
1.5040000000	2.5282333966E-7	-25.3260615929
1.5030000000	2.5391752923E-7	-25.3255472255
1.5020000000	2.5500804150E-7	-25.3542660347
1.5010000000	2.5597123500E-7	-25.3529153856
1.5000000000	2.5691002804E-7	-25.3400869930
1.4990000000	2.5808146110E-7	-25.3456479532
1.4980000000	2.5927773543E-7	-25.3627413635
1.4970000000	2.6018851902E-7	-25.3668521325
1.4960000000	2.6107445754E-7	-25.3594331123
1.4950000000	2.6193235683E-7	-25.3692531837
1.4940000000	2.6284314252E-7	-25.3732998712
1.4930000000	2.6367709864E-7	-25.3715293677
1.4920000000	2.6443337094E-7	-25.3636035928
1.4910000000	2.6542141235E-7	-25.3735805839
1.4900000000	2.6635749105E-7	-25.3890261856
1.4890000000	2.6726828306E-7	-25.3929384906
1.4880000000	2.6823190109E-7	-25.3917036785
1.4870000000	2.6940335609E-7	-25.3968064907
1.4860000000	2.7057481321E-7	-25.4018651175
1.4850000000	2.7153800139E-7	-25.4004230566
1.4840000000	2.7237152466E-7	-25.3984359993
1.4830000000	2.7317448820E-7	-25.4401431560
1.4820000000	2.7416514568E-7	-25.4224279642
1.4810000000	2.7479081615E-7	-25.4142111162
1.4800000000	2.7528423284E-7	-25.4324732742
1.4790000000	2.7601209171E-7	-25.4408457752
1.4780000000	2.7705299657E-7	-25.4451625254
1.4770000000	2.7754898457E-7	-25.4364528204
1.4760000000	2.7785949575E-7	-25.4592049161
1.4750000000	2.7858737328E-7	-25.4674301793
1.4740000000	2.7981122205E-7	-25.4669193117
1.4730000000	2.8017662335E-7	-25.4578324217
1.4720000000	2.8033213038E-7	-25.4689600906
1.4710000000	2.8093034612E-7	-25.4765854982
1.4700000000	2.8173554928E-7	-25.4902486287
1.4690000000	2.8283219281E-7	-25.4628834563
1.4680000000	2.8329983349E-7	-25.4700403367
1.4670000000	2.8368772601E-7	-25.4978263409
1.4660000000	2.8423361390E-7	-25.5103353518
1.4650000000	2.8485879267E-7	-25.5020343183
1.4640000000	2.8506711757E-7	-25.5081154142
1.4630000000	2.8545702981E-7	-25.5094694920
1.4620000000	2.8644561579E-7	-25.5183915623
1.4610000000	2.8696653286E-7	-25.5202917259
1.4600000000	2.8730453801E-7	-25.5267838138
1.4590000000	2.8787456494E-7	-25.5495823763
1.4580000000	2.8842237730E-7	-25.5358729696
1.4570000000	2.8907339946E-7	-25.5383683385
1.4560000000	2.8969667593E-7	-25.5559700533
1.4550000000	2.9026992493E-7	-25.5528423556
1.4540000000	2.9110342020E-7	-25.5505467426
1.4530000000	2.9157111432E-7	-25.5573599893
1.4520000000	2.9167349420E-7	-25.5730019223
1.4510000000	2.9185638775E-7	-25.5684429895
1.4500000000	2.9242963329E-7	-25.5653139405
1.4490000000	2.9289733631E-7	-25.5720727570
1.4480000000	2.9346835487E-7	-25.5942645120
1.4470000000	2.9409390442E-7	-25.5862214462
1.4460000000	2.9453747210E-7	-25.5826492074
1.4450000000	2.9503024139E-7	-25.5994911953
1.4440000000	2.9547073800E-7	-25.6211395591
1.4430000000	2.9583648780E-7	-25.6120848464
1.4420000000	2.9635651797E-7	-25.6138436868
1.4410000000	2.9664227925E-7	-25.6248677224
1.4400000000	2.9705729372E-7	-25.6361022997
1.4390000000	2.9744855426E-7	-25.6373243356
1.4380000000	2.9796858838E-7	-25.6390296109
1.4370000000	2.9877487927E-7	-25.6513927092
1.4360000000	2.9945103985E-7	-25.6635542225
1.4350000000	2.9976357220E-7	-25.6594503174
1.4340000000	3.0043930846E-7	-25.6713817924
1.4330000000	3.0077739810E-7	-25.6774132660
1.4320000000	3.0121960150E-7	-25.6736969815
1.4310000000	3.0176610999E-7	-25.6853321503
1.4300000000	3.0231375723E-7	-25.6720067469
1.4290000000	3.0327533766E-7	-25.6945267856
1.4280000000	3.0408078931E-7	-25.7066086962
1.4270000000	3.0434147890E-7	-25.7074282692
1.4260000000	3.0506952222E-7	-25.7143472103
1.4250000000	3.0605916158E-7	-25.7219544772
1.4240000000	3.0665663519E-7	-25.7285276597
1.4230000000	3.0699432199E-7	-25.7342059216
1.4220000000	3.0767292180E-7	-25.7214627433
1.4210000000	3.0813928334E-7	-25.7519301853
1.4200000000	3.0847698251E-7	-25.7575555364
1.4190000000	3.0897273315E-7	-25.7492302864
1.4180000000	3.0993447238E-7	-25.7710268657
1.4170000000	3.1123573950E-7	-25.7743468683
1.4160000000	3.1191159934E-7	-25.7855905603
1.4150000000	3.1222408528E-7	-25.7815282899
1.4140000000	3.1305796237E-7	-25.7789496267
1.4130000000	3.1404410999E-7	-25.8099779981
1.4120000000	3.1461728321E-7	-25.8066295589
1.4110000000	3.1513780613E-7	-25.8077197088
1.4100000000	3.1596908308E-7	-25.8286900657
1.4090000000	3.1669810253E-7	-25.8349973567
1.4080000000	3.1773912586E-7	-25.8374700441
1.4070000000	3.1828537068E-7	-25.8480580736
1.4060000000	3.1948389484E-7	-25.8367916036
1.4050000000	3.2091324840E-7	-25.8631924245
1.4040000000	3.2205956135E-7	-25.8564608903
1.4030000000	3.2289093567E-7	-25.8768562156
1.4020000000	3.2359223082E-7	-25.8967198178
1.4010000000	3.2408636571E-7	-25.9114968590
1.4000000000	3.2460643624E-7	-25.9126229432
1.3990000000	3.2515275749E-7	-25.9228610865
1.3980000000	3.2582877315E-7	-25.9333164319
1.3970000000	3.2647942945E-7	-25.9345754969
1.3960000000	3.2713008592E-7	-25.9358295533
1.3950000000	3.2744295005E-7	-25.9319700825
1.3940000000	3.2783193333E-7	-25.9554672759
1.3930000000	3.2850665172E-7	-25.9883889553
1.3920000000	3.2868981022E-7	-25.9842665670
1.3910000000	3.2855878791E-7	-25.9839569629
1.3900000000	3.2842825088E-7	-26.0065084979
1.3890000000	3.2863767417E-7	-25.9886968415
1.3880000000	3.2892336354E-7	-25.9981565141
1.3870000000	3.2887033488E-7	-26.0026622243
1.3860000000	3.2925948342E-7	-26.0259740156
1.3850000000	3.2967623188E-7	-26.0356717593
1.3840000000	3.3001528914E-7	-26.0181239896
1.3830000000	3.3011874346E-7	-26.0319569256
1.3820000000	3.3069065193E-7	-26.0508560946
1.3810000000	3.3134132156E-7	-26.0518658693
1.3800000000	3.3160159345E-7	-26.0521914009
1.3790000000	3.3193988570E-7	-26.0572686595
1.3780000000	3.3204230143E-7	-26.0933874639
1.3770000000	3.3243270200E-7	-26.0940184676
1.3760000000	3.3321306342E-7	-26.0951216176
1.3750000000	3.3357689825E-7	-26.1090771129
1.3740000000	3.3349827581E-7	-26.1267952593
1.3730000000	3.3347273904E-7	-26.1178481982
1.3720000000	3.3381062445E-7	-26.1226763463
1.3710000000	3.3396629426E-7	-26.1319363265
1.3700000000	3.3352287416E-7	-26.1580200594
1.3690000000	3.3373063381E-7	-26.1628803009
1.3680000000	3.3383474529E-7	-26.1762846396
1.3670000000	3.3378179729E-7	-26.1807523287
1.3660000000	3.3339098732E-7	-26.2026677168
1.3650000000	3.3326170260E-7	-26.1800756869
1.3640000000	3.3357361465E-7	-26.1983339441
1.3630000000	3.3346863792E-7	-26.2072088611
1.3620000000	3.3320757668E-7	-26.2293066214
1.3610000000	3.3341626838E-7	-26.2340510724
1.3600000000	3.3372828033E-7	-26.2522504156
1.3590000000	3.3367536688E-7	-26.2567315804
1.3580000000	3.3333629063E-7	-26.2741750861
1.3570000000	3.3320728427E-7	-26.2517613218
1.3560000000	3.3289431622E-7	-26.2783302846
1.3550000000	3.3278880819E-7	-26.3095771590
1.3540000000	3.3216441375E-7	-26.2956742698
1.3530000000	3.3177400271E-7	-26.2952800489
1.3520000000	3.3177386077E-7	-26.3178318128
1.3510000000	3.3169471857E-7	-26.3357722560
1.3500000000	3.3120034939E-7	-26.3443271100
1.3490000000	3.3099204864E-7	-26.3397755656
1.3480000000	3.3138197757E-7	-26.3625417954
1.3470000000	3.3148546467E-7	-26.3760550992
1.3460000000	3.3133001044E-7	-26.3669954982
1.3450000000	3.3104353394E-7	-26.3803695415
1.3440000000	3.3135537084E-7	-26.3984064783
1.3430000000	3.3151129851E-7	-26.4076054527
1.3420000000	3.3138160706E-7	-26.4075438337
1.3410000000	3.3125068885E-7	-26.4299915701
1.3400000000	3.3119848187E-7	-26.4568936567
1.3390000000	3.3138054568E-7	-26.4526229644
1.3380000000	3.3174557890E-7	-26.4436325401
1.3370000000	3.3179725195E-7	-26.4615679699
1.3360000000	3.3140617750E-7	-26.4840225542
1.3350000000	3.3099016770E-7	-26.4974682680
1.3340000000	3.3070386807E-7	-26.5109690402
1.3330000000	3.3062507655E-7	-26.5290136633
1.3320000000	3.3075566318E-7	-26.5289504219
1.3310000000	3.3093724921E-7	-26.5244794682
1.3300000000	3.3083346301E-7	-26.5334510824
1.3290000000	3.3031286014E-7	-26.5560526767
1.3280000000	3.3057359085E-7	-26.5786157938
1.3270000000	3.3078110511E-7	-26.5831001654
1.3260000000	3.3039068752E-7	-26.5830439386
1.3250000000	3.3018233518E-7	-26.6011370136
1.3240000000	3.3041718080E-7	-26.6146824069
1.3230000000	3.3046903611E-7	-26.6101774937
1.3220000000	3.3023488987E-7	-26.6417892867
1.3210000000	3.2979218589E-7	-26.6465540474
1.3200000000	3.3023488987E-7	-26.6417892867
1.3190000000	3.3137986935E-7	-26.6550557689
1.3180000000	3.3143237416E-7	-26.6731323705
1.3170000000	3.3088648257E-7	-26.6867076205
1.3160000000	3.3106873671E-7	-26.7047513987
1.3150000000	3.3119876975E-7	-26.7271327049
1.3140000000	3.3132980408E-7	-26.7271459402
1.3130000000	3.3070430721E-7	-26.7365178974
1.3120000000	3.3028780058E-7	-26.7276573238
1.3110000000	3.3083489166E-7	-26.7363727660
1.3100000000	3.3120005552E-7	-26.7721590204
1.3090000000	3.3088799899E-7	-26.7769232409
1.3080000000	3.3013285848E-7	-26.7864889632
1.3070000000	3.3081023773E-7	-26.8174832039
1.3060000000	3.3099303505E-7	-26.8129311599
1.3050000000	3.3047203610E-7	-26.8133219525
1.3040000000	3.2969120462E-7	-26.8137545132
1.3030000000	3.2950990953E-7	-26.8411862070
1.3020000000	3.2964025028E-7	-26.8636194581
1.3010000000	3.2940619055E-7	-26.8729327903
1.3000000000	3.2917213953E-7	-26.8822593669
1.2990000000	3.2906944320E-7	-26.9139726541
1.2980000000	3.2857392156E-7	-26.9009294399
1.2970000000	3.2779354728E-7	-26.9017290705
1.2960000000	3.2745519751E-7	-26.9203878470
1.2950000000	3.2716948147E-7	-26.9344041925
1.2940000000	3.2675364281E-7	-26.9484409030
1.2930000000	3.2623265065E-7	-26.9490531839
1.2920000000	3.2558331985E-7	-26.9728000236
1.2910000000	3.2482926384E-7	-26.9828972308
1.2900000000	3.2396955037E-7	-26.9793395220
1.2890000000	3.2271988114E-7	-26.9763385713
1.2880000000	3.2170565096E-7	-27.0101328440
1.2870000000	3.2089996466E-7	-27.0251444489
1.2860000000	3.1991054874E-7	-27.0218416545
1.2850000000	3.1876569784E-7	-27.0329678022
1.2840000000	3.1751709249E-7	-27.0535308051
1.2830000000	3.1631905847E-7	-27.0459840019
1.2820000000	3.1522701713E-7	-27.0761012054
1.2810000000	3.1371660182E-7	-27.0737426265
1.2800000000	3.1207812910E-7	-27.0955448917
1.2790000000	3.1114032819E-7	-27.0875081353
1.2780000000	3.0983899096E-7	-27.0897025384
1.2770000000	3.0796672679E-7	-27.1220142228
1.2760000000	3.0622248412E-7	-27.1300402220
1.2750000000	3.0447824753E-7	-27.1381581769
1.2740000000	3.0283991078E-7	-27.1609740283
1.2730000000	3.0106921824E-7	-27.1595424429
1.2720000000	2.9911723666E-7	-27.1634221192
1.2710000000	2.9734743351E-7	-27.1618992247
1.2700000000	2.9547353672E-7	-27.1707146166
1.2690000000	2.9347095073E-7	-27.2054959320
1.2680000000	2.9130985472E-7	-27.2050573687
1.2670000000	2.8964512833E-7	-27.2190870056
1.2660000000	2.8803153394E-7	-27.2278222591
1.2650000000	2.8649651902E-7	-27.2418383422
1.2640000000	2.8477738606E-7	-27.2354860635
1.2630000000	2.8321537124E-7	-27.2390933967
1.2620000000	2.8207076505E-7	-27.2525486383
1.2610000000	2.8030253546E-7	-27.2780038999
1.2600000000	2.7842873549E-7	-27.2881403469
1.2590000000	2.7720558697E-7	-27.2966927475
1.2580000000	2.7595584302E-7	-27.2946204344
1.2570000000	2.7408205758E-7	-27.3050312367
1.2560000000	2.7173719703E-7	-27.2840692156
1.2550000000	2.6950007232E-7	-27.3066780773
1.2540000000	2.6736515915E-7	-27.3183510174
1.2530000000	2.6543770004E-7	-27.3068301409
1.2520000000	2.6283513720E-7	-27.3141755661
1.2510000000	2.6036446287E-7	-27.3500240609
1.2500000000	2.5752563044E-7	-27.3410648430
1.2490000000	2.5445365119E-7	-27.3445929807
1.2480000000	2.5130576478E-7	-27.3723051527
1.2470000000	2.4841586761E-7	-27.3696273615
1.2460000000	2.4604603583E-7	-27.3652957438
1.2450000000	2.4307797278E-7	-27.3566186581
1.2440000000	2.3959123073E-7	-27.3806529853
1.2430000000	2.3628524242E-7	-27.3982471695
1.2420000000	2.3331715854E-7	-27.3896262601
1.2410000000	2.2996015443E-7	-27.4147026293
1.2400000000	2.2654976307E-7	-27.4144856149
1.2390000000	2.2342632419E-7	-27.4263613644
1.2380000000	2.2050971007E-7	-27.4106766442
1.2370000000	2.1764651070E-7	-27.4216841595
1.2360000000	2.1447164833E-7	-27.4413201205
1.2350000000	2.1132140583E-7	-27.4402684350
1.2340000000	2.0811969010E-7	-27.4465428618
1.2330000000	2.0504774553E-7	-27.4525013382
1.2320000000	2.0161025316E-7	-27.4380681583
1.2310000000	1.9859066752E-7	-27.4362456244
1.2300000000	1.9580597203E-7	-27.4562535229
1.2290000000	1.9307280653E-7	-27.4689236386
1.2280000000	1.8992256252E-7	-27.4682113174
1.2270000000	1.8692760870E-7	-27.4427338716
1.2260000000	1.8466292829E-7	-27.4616862205
1.2250000000	1.8213868716E-7	-27.4822741621
1.2240000000	1.7976975656E-7	-27.4777117766
1.2230000000	1.7773862678E-7	-27.4798084824
1.2220000000	1.7565697747E-7	-27.4905623538
1.2210000000	1.7341781233E-7	-27.4853125723
1.2200000000	1.7109940542E-7	-27.4717220666
1.2190000000	1.6888709681E-7	-27.4835998630
1.2180000000	1.6688376995E-7	-27.5035032131
1.2170000000	1.6495647289E-7	-27.4873437314
1.2160000000	1.6279557690E-7	-27.4904253419
1.2150000000	1.6058328018E-7	-27.5031750126
1.2140000000	1.5829266613E-7	-27.5072968832
1.2130000000	1.5605345028E-7	-27.5016705030
1.2120000000	1.5371050751E-7	-27.5160483207
1.2110000000	1.5100277862E-7	-27.5033693174
1.2100000000	1.4865983718E-7	-27.5182623909
1.2090000000	1.4634229476E-7	-27.5027138559
1.2080000000	1.4392102695E-7	-27.5081981271
1.2070000000	1.4144832289E-7	-27.5247233490
1.2060000000	1.3926142991E-7	-27.5074809102
1.2050000000	1.3717891104E-7	-27.5218640217
1.2040000000	1.3488830096E-7	-27.5270184434
1.2030000000	1.3262131059E-7	-27.4986332032
1.2020000000	1.3064256518E-7	-27.4899024726
1.2010000000	1.2861134457E-7	-27.4929135691
1.2000000000	1.2665947095E-7	-27.5071731167
1.1990000000	1.2436885783E-7	-27.5124929373
1.1980000000	1.2231178834E-7	-27.4917624871
1.1970000000	1.2043824017E-7	-27.5185636260
1.1960000000	1.1853688196E-7	-27.5214500393
1.1950000000	1.1674022702E-7	-27.4977104388
1.1940000000	1.1502101709E-7	-27.4858516682
1.1930000000	1.1309602709E-7	-27.5278561710
1.1920000000	1.1103876901E-7	-27.5053534107
1.1910000000	1.0885118265E-7	-27.4830991934
1.1900000000	1.0663879460E-7	-27.5021712435
1.1890000000	1.0481687076E-7	-27.5184617283
1.1880000000	1.0281323187E-7	-27.5515506084
1.1870000000	1.0083420303E-7	-27.5413562120
1.1860000000	9.9115507617E-8	-27.5281910989
1.1850000000	9.7995896863E-8	-27.5239499554
1.1840000000	9.6746076902E-8	-27.5209221232
1.1830000000	9.5027389985E-8	-27.5068210644
1.1820000000	9.3023740620E-8	-27.5431413710
1.1810000000	9.1462078598E-8	-27.5598433588
1.1800000000	8.9613255995E-8	-27.5470814292
1.1790000000	8.7685929126E-8	-27.5176397391
1.1780000000	8.6021056961E-8	-27.5707558293
1.1770000000	8.4405563090E-8	-27.5193238120
1.1760000000	8.2635259057E-8	-27.5217200923
1.1750000000	8.0734788069E-8	-27.5257044032
1.1740000000	7.8861281345E-8	-27.5674419176
1.1730000000	7.7272696180E-8	-27.5494475030
1.1720000000	7.5841157154E-8	-27.5680303469
1.1710000000	7.4149389673E-8	-27.5909164000
1.1700000000	7.2560794731E-8	-27.5722674104
1.1690000000	7.1180986671E-8	-27.5708759669
1.1680000000	6.9540805550E-8	-27.5731536178
1.1670000000	6.7952218440E-8	-27.5528245776
1.1660000000	6.6623704366E-8	-27.5278262603
1.1650000000	6.5373972803E-8	-27.5233790120
1.1640000000	6.4045605649E-8	-27.4966015959
1.1630000000	6.2665666283E-8	-27.4933161359
1.1620000000	6.1234192940E-8	-27.5149763255
1.1610000000	5.9775754625E-8	-27.4882524568
1.1600000000	5.8526073117E-8	-27.4825266648
1.1590000000	5.7146134708E-8	-27.4785839995
1.1580000000	5.5766196583E-8	-27.4744462111
1.1570000000	5.4464837982E-8	-27.4961297300
1.1560000000	5.3136533128E-8	-27.4632692773
1.1550000000	5.1965339173E-8	-27.4835643321
1.1540000000	5.0715523346E-8	-27.4767931198
1.1530000000	4.9465796988E-8	-27.4696263111
1.1520000000	4.8164437122E-8	-27.4940160264
1.1510000000	4.6887832673E-8	-27.4239922933
1.1500000000	4.5638112751E-8	-27.4147785391
1.1490000000	4.4388305298E-8	-27.4051053853
1.1480000000	4.3008462501E-8	-27.3973212973
1.1470000000	4.1680216317E-8	-27.3522798670
1.1460000000	4.0482260675E-8	-27.3019577690
1.1450000000	3.9389313732E-8	-27.3602697237
1.1440000000	3.8348168690E-8	-27.3817943655
1.1430000000	3.7228627198E-8	-27.3663644954
1.1420000000	3.6187483901E-8	-27.3893496841
1.1410000000	3.5197932617E-8	-27.3701526566
1.1400000000	3.4130096703E-8	-27.3080223598
1.1390000000	3.3167284189E-8	-27.3745580888
1.1380000000	3.2359657308E-8	-27.3025058138
1.1370000000	3.1318498413E-8	-27.3269415136
1.1360000000	3.0432575405E-8	-27.2021863899
1.1350000000	2.9469782805E-8	-27.2735233268
1.1340000000	2.8401928332E-8	-27.1953219133
1.1330000000	2.7412513838E-8	-27.1635732436
1.1320000000	2.6631633795E-8	-27.1812197083
1.1310000000	2.5850710722E-8	-27.1997351420
1.1300000000	2.5043268924E-8	-27.1011986189
1.1290000000	2.4132201627E-8	-27.1213343288
1.1280000000	2.3272988661E-8	-27.0779016446
1.1270000000	2.2440254750E-8	-27.1632783511
1.1260000000	2.1581006327E-8	-27.1179923348
1.1250000000	2.0852000257E-8	-27.0657052802
1.1240000000	2.0044647620E-8	-26.9370445856
1.1230000000	1.9263722538E-8	-26.9521515202
1.1220000000	1.8612934860E-8	-26.9657139515
1.1210000000	1.7910302084E-8	-27.0647278488
1.1200000000	1.7154879915E-8	-26.8259336511
1.1190000000	1.6400304279E-8	-27.0198325319
1.1180000000	1.5723132750E-8	-26.8496245874
1.1170000000	1.5072338057E-8	-26.8619460311
1.1160000000	1.4395328339E-8	-26.6687530912
1.1150000000	1.3744615717E-8	-26.6735135258
1.1140000000	1.3145843640E-8	-26.5650511771
1.1130000000	1.2573155470E-8	-26.6837414207
1.1120000000	1.1974470485E-8	-26.5649655835
1.1110000000	1.1401785047E-8	-26.6958452738
1.1100000000	1.0855130554E-8	-26.4276231864
1.1090000000	1.0308734605E-8	-26.1310353801
1.1080000000	9.8404306016E-9	-25.9588009474
1.1070000000	9.2675160241E-9	-26.0822166941
1.1060000000	8.7469119031E-9	-26.0534783100
1.1050000000	8.1484766318E-9	-25.8328811201
1.1040000000	7.6278983333E-9	-25.7829099817
1.1030000000	7.1073266871E-9	-25.7256185854
1.1020000000	6.6392807421E-9	-25.4417477064
1.1010000000	6.1714134338E-9	-25.1148664099
1.1000000000	5.7283887375E-9	-25.2631432236
1.0990000000	5.2606698824E-9	-24.8637375452
1.0980000000	4.7932433096E-9	-24.3863493278
1.0970000000	4.3262345706E-9	-23.8059114441
1.0960000000	3.8829481653E-9	-23.8752476742
1.0950000000	3.4164640670E-9	-23.0703636762
1.0940000000	3.0268123077E-9	-22.6198940702
1.0930000000	2.6374110681E-9	-22.0362144742
1.0920000000	2.2483679143E-9	-21.2504632840
1.0910000000	1.7855706111E-9	-19.0256269585
1.0900000000	1.4551978000E-9	-16.2601889590
1.0890000000	1.0874209599E-9	-15.5240263845
1.0880000000	8.2318444044E-10	-8.1301121975
1.0870000000	5.8208000000E-10	0.0000000000
1.0860000000	4.2375967491E-10	15.9454330455
1.0850000000	3.2927417215E-10	45.0000000000
1.0840000000	2.3999775651E-10	75.9637333714
1.0830000000	2.9104000000E-10	90.0000000000
1.0820000000	3.6813971609E-10	-71.5650511771
1.0810000000	4.4329800180E-10	-66.8013585727
1.0800000000	5.2062907376E-10	-63.4349980393
1.0790000000	5.4913402173E-10	-57.9946720912
1.0780000000	5.4913402173E-10	-57.9946720912
1.0770000000	6.2961661798E-10	-56.3099829523
1.0760000000	6.6367348685E-10	-52.1251374970
1.0750000000	6.6367348685E-10	-52.1251374970
1.0740000000	7.0091854902E-10	-48.3664538750
1.0730000000	7.8310921750E-10	-48.0127331215
1.0720000000	7.8310921750E-10	-48.0127331215
1.0710000000	7.8310921750E-10	-48.0127331215
1.0700000000	8.2318543039E-10	-45.0000000000
1.0690000000	8.2318543039E-10	-45.0000000000
1.0680000000	8.6532412964E-10	-47.7263109939
1.0670000000	9.0550397342E-10	-45.0000000000
1.0660000000	9.0550397342E-10	-45.0000000000
1.0650000000	9.0550397342E-10	-45.0000000000
1.0640000000	9.4755685210E-10	-42.5104879369
1.0630000000	9.8782110225E-10	-45.0000000000
1.0620000000	9.8782110225E-10	-45.0000000000
1.0610000000	1.0298032313E-9	-42.7093868125
1.0600000000	1.0298032313E-9	-42.7093868125
1.0590000000	1.0298032313E-9	-42.7093868125
1.0580000000	1.0298032313E-9	-42.7093868125
1.0570000000	1.1120608653E-9	-42.8789009065
1.0560000000	1.1120608653E-9	-42.8789009065
1.0550000000	1.1120608653E-9	-42.8789009065
1.0540000000	1.1120608653E-9	-42.8789009065
1.0530000000	1.1120608653E-9	-42.8789009065
1.0520000000	1.1553936438E-9	-40.9144107013
1.0510000000	1.1553936438E-9	-40.9144107013
1.0500000000	1.1553936438E-9	-40.9144107013
1.0490000000	1.1553936438E-9	-40.9144107013
1.0480000000	1.1553936438E-9	-40.9144107013
1.0470000000	1.1553936438E-9	-40.9144107013
1.0460000000	1.1999895829E-9	-39.0937616115
1.0450000000	1.1999895829E-9	-39.0937616115
1.0440000000	1.2375199016E-9	-41.1858293462
1.0430000000	1.2818983627E-9	-39.4723969325
1.0420000000	1.2818983627E-9	-39.4723969325
1.0410000000	1.2818983627E-9	-39.4723969325
1.0400000000	1.2818983627E-9	-39.4723969325
1.0390000000	1.2818983627E-9	-39.4723969325
1.0380000000	1.2818983627E-9	-39.4723969325
1.0370000000	1.2818983627E-9	-39.4723969325
1.0360000000	1.2818983627E-9	-39.4723969325
1.0350000000	1.2818983627E-9	-39.4723969325
1.0340000000	1.2818983627E-9	-39.4723969325
1.0330000000	1.3273507451E-9	-37.8747905719
1.0320000000	1.3273507451E-9	-37.8747905719
1.0310000000	1.3273507451E-9	-37.8747905719
1.0300000000	1.3638603684E-9	-39.8053451814
1.0290000000	1.3638603684E-9	-39.8053451814
1.0280000000	1.3638603684E-9	-39.8053451814
1.0270000000	1.3638603684E-9	-39.8053451814
1.0260000000	1.3638603684E-9	-39.8053451814
1.0250000000	1.3638603684E-9	-39.8053451814
1.0240000000	1.3638603684E-9	-39.8053451814
1.0230000000	1.3638603684E-9	-39.8053451814
1.0220000000	1.4090636765E-9	-38.2901497543
1.0210000000	1.4090636765E-9	-38.2901497543
1.0200000000	1.4090636765E-9	-38.2901497543
1.0190000000	1.4090636765E-9	-38.2901497543
1.0180000000	1.4090636765E-9	-38.2901497543
1.0170000000	1.4458564837E-9	-40.1010192204
1.0160000000	1.4458564837E-9	-40.1010192204
1.0150000000	1.4458564837E-9	-40.1010192204
1.0140000000	1.4458564837E-9	-40.1010192204
1.0130000000	1.4458564837E-9	-40.1010192204
1.0120000000	1.4458564837E-9	-40.1010192204
1.0110000000	1.4458564837E-9	-40.1010192204
1.0100000000	1.4458564837E-9	-40.1010192204
1.0090000000	1.4458564837E-9	-40.1010192204
1.0080000000	1.4458564837E-9	-40.1010192204
1.0070000000	1.4458564837E-9	-40.1010192204
1.0060000000	1.4458564837E-9	-40.1010192204
1.0050000000	1.4458564837E-9	-40.1010192204
1.0040000000	1.4458564837E-9	-40.1010192204
1.0030000000	1.4458564837E-9	-40.1010192204
1.0020000000	1.4458564837E-9	-40.1010192204
1.0010000000	1.4458564837E-9	-40.1010192204
1.0000000000	1.4458564837E-9	-40.1010192204
