2.3000000000	8.2421376986E-10	-47.8624052261
2.2990000000	8.4401600000E-10	-46.3971810273
2.2980000000	8.4602079142E-10	-49.1849161251
2.2970000000	8.4401600000E-10	-46.3971810273
2.2960000000	8.2421376986E-10	-47.8624052261
2.2950000000	8.4401600000E-10	-46.3971810273
2.2940000000	8.2421376986E-10	-47.8624052261
2.2930000000	8.6532412964E-10	-47.7263109939
2.2920000000	8.4401600000E-10	-46.3971810273
2.2910000000	8.6434470191E-10	-45.0000000000
2.2900000000	8.6532412964E-10	-47.7263109939
2.2890000000	8.8516360341E-10	-46.3322198539
2.2880000000	8.6532412964E-10	-47.7263109939
2.2870000000	8.4401600000E-10	-46.3971810273
2.2860000000	8.6532412964E-10	-47.7263109939
2.2850000000	8.6532412964E-10	-47.7263109939
2.2840000000	8.6532412964E-10	-47.7263109939
2.2830000000	8.6532412964E-10	-47.7263109939
2.2820000000	8.6532412964E-10	-47.7263109939
2.2810000000	8.4602079142E-10	-49.1849161251
2.2800000000	8.6532412964E-10	-47.7263109939
2.2790000000	8.6532412964E-10	-47.7263109939
2.2780000000	8.4602079142E-10	-49.1849161251
2.2770000000	8.4401600000E-10	-46.3971810273
2.2760000000	8.6532412964E-10	-47.7263109939
2.2750000000	8.4602079142E-10	-49.1849161251
2.2740000000	8.4602079142E-10	-49.1849161251
2.2730000000	8.6532412964E-10	-47.7263109939
2.2720000000	8.4602079142E-10	-49.1849161251
2.2710000000	8.6532412964E-10	-47.7263109939
2.2700000000	8.4602079142E-10	-49.1849161251
2.2690000000	8.4602079142E-10	-49.1849161251
2.2680000000	8.4602079142E-10	-49.1849161251
2.2670000000	8.4401600000E-10	-46.3971810273
2.2660000000	8.6532412964E-10	-47.7263109939
2.2650000000	8.8516360341E-10	-46.3322198539
2.2640000000	8.8516360341E-10	-46.3322198539
2.2630000000	8.6532412964E-10	-47.7263109939
2.2620000000	8.6532412964E-10	-47.7263109939
2.2610000000	8.4401600000E-10	-46.3971810273
2.2600000000	8.6532412964E-10	-47.7263109939
2.2590000000	8.2421376986E-10	-47.8624052261
2.2580000000	8.2421376986E-10	-47.8624052261
2.2570000000	8.2421376986E-10	-47.8624052261
2.2560000000	8.2421376986E-10	-47.8624052261
2.2550000000	8.2421376986E-10	-47.8624052261
2.2540000000	8.2421376986E-10	-47.8624052261
2.2530000000	8.2421376986E-10	-47.8624052261
2.2520000000	8.2421376986E-10	-47.8624052261
2.2510000000	8.2421376986E-10	-47.8624052261
2.2500000000	8.2421376986E-10	-47.8624052261
2.2490000000	8.2421376986E-10	-47.8624052261
2.2480000000	8.4401600000E-10	-46.3971810273
2.2470000000	8.2421376986E-10	-47.8624052261
2.2460000000	8.2421376986E-10	-47.8624052261
2.2450000000	8.4602079142E-10	-49.1849161251
2.2440000000	8.2421376986E-10	-47.8624052261
2.2430000000	8.4602079142E-10	-49.1849161251
2.2420000000	8.4602079142E-10	-49.1849161251
2.2410000000	8.4602079142E-10	-49.1849161251
2.2400000000	8.2421376986E-10	-47.8624052261
2.2390000000	8.2421376986E-10	-47.8624052261
2.2380000000	8.2421376986E-10	-47.8624052261
2.2370000000	8.2421376986E-10	-47.8624052261
2.2360000000	8.4401600000E-10	-46.3971810273
2.2350000000	8.2421376986E-10	-47.8624052261
2.2340000000	8.2421376986E-10	-47.8624052261
2.2330000000	8.4602079142E-10	-49.1849161251
2.2320000000	8.4602079142E-10	-49.1849161251
2.2310000000	8.2421376986E-10	-47.8624052261
2.2300000000	8.4602079142E-10	-49.1849161251
2.2290000000	8.2421376986E-10	-47.8624052261
2.2280000000	8.4401600000E-10	-46.3971810273
2.2270000000	8.2421376986E-10	-47.8624052261
2.2260000000	8.2421376986E-10	-47.8624052261
2.2250000000	8.2421376986E-10	-47.8624052261
2.2240000000	8.2421376986E-10	-47.8624052261
2.2230000000	8.2421376986E-10	-47.8624052261
2.2220000000	8.4602079142E-10	-49.1849161251
2.2210000000	8.4602079142E-10	-49.1849161251
2.2200000000	8.4602079142E-10	-49.1849161251
2.2190000000	8.2421376986E-10	-47.8624052261
2.2180000000	8.2421376986E-10	-47.8624052261
2.2170000000	8.2421376986E-10	-47.8624052261
2.2160000000	8.2421376986E-10	-47.8624052261
2.2150000000	8.2421376986E-10	-47.8624052261
2.2140000000	8.2421376986E-10	-47.8624052261
2.2130000000	8.2421376986E-10	-47.8624052261
2.2120000000	8.2421376986E-10	-47.8624052261
2.2110000000	8.2421376986E-10	-47.8624052261
2.2100000000	8.4602079142E-10	-49.1849161251
2.2090000000	8.2421376986E-10	-47.8624052261
2.2080000000	8.2421376986E-10	-47.8624052261
2.2070000000	8.2421376986E-10	-47.8624052261
2.2060000000	8.2421376986E-10	-47.8624052261
2.2050000000	8.2421376986E-10	-47.8624052261
2.2040000000	8.2421376986E-10	-47.8624052261
2.2030000000	8.4602079142E-10	-49.1849161251
2.2020000000	8.2421376986E-10	-47.8624052261
2.2010000000	8.2421376986E-10	-47.8624052261
2.2000000000	8.2421376986E-10	-47.8624052261
2.1990000000	8.2421376986E-10	-47.8624052261
2.1980000000	8.2421376986E-10	-47.8624052261
2.1970000000	8.4602079142E-10	-49.1849161251
2.1960000000	8.2421376986E-10	-47.8624052261
2.1950000000	8.2421376986E-10	-47.8624052261
2.1940000000	8.2421376986E-10	-47.8624052261
2.1930000000	8.2421376986E-10	-47.8624052261
2.1920000000	8.2421376986E-10	-47.8624052261
2.1910000000	8.2421376986E-10	-47.8624052261
2.1900000000	8.2421376986E-10	-47.8624052261
2.1890000000	8.2421376986E-10	-47.8624052261
2.1880000000	8.2421376986E-10	-47.8624052261
2.1870000000	8.2421376986E-10	-47.8624052261
2.1860000000	8.2421376986E-10	-47.8624052261
2.1850000000	8.4602079142E-10	-49.1849161251
2.1840000000	8.2421376986E-10	-47.8624052261
2.1830000000	8.2421376986E-10	-47.8624052261
2.1820000000	8.2421376986E-10	-47.8624052261
2.1810000000	8.2421376986E-10	-47.8624052261
2.1800000000	8.2421376986E-10	-47.8624052261
2.1790000000	8.2421376986E-10	-47.8624052261
2.1780000000	8.2421376986E-10	-47.8624052261
2.1770000000	8.2421376986E-10	-47.8624052261
2.1760000000	8.2421376986E-10	-47.8624052261
2.1750000000	8.2421376986E-10	-47.8624052261
2.1740000000	8.2421376986E-10	-47.8624052261
2.1730000000	8.2421376986E-10	-47.8624052261
2.1720000000	8.2421376986E-10	-47.8624052261
2.1710000000	8.2421376986E-10	-47.8624052261
2.1700000000	8.2421376986E-10	-47.8624052261
2.1690000000	8.2421376986E-10	-47.8624052261
2.1680000000	8.2421376986E-10	-47.8624052261
2.1670000000	8.2421376986E-10	-47.8624052261
2.1660000000	8.0497751645E-10	-49.3986513135
2.1650000000	8.2421376986E-10	-47.8624052261
2.1640000000	8.2421376986E-10	-47.8624052261
2.1630000000	8.2421376986E-10	-47.8624052261
2.1620000000	8.2421376986E-10	-47.8624052261
2.1610000000	8.2421376986E-10	-47.8624052261
2.1600000000	8.2421376986E-10	-47.8624052261
2.1590000000	8.2421376986E-10	-47.8624052261
2.1580000000	8.0497751645E-10	-49.3986513135
2.1570000000	8.0497751645E-10	-49.3986513135
2.1560000000	8.0497751645E-10	-49.3986513135
2.1550000000	8.2421376986E-10	-47.8624052261
2.1540000000	8.2421376986E-10	-47.8624052261
2.1530000000	8.2421376986E-10	-47.8624052261
2.1520000000	8.2421376986E-10	-47.8624052261
2.1510000000	8.2421376986E-10	-47.8624052261
2.1500000000	8.0497751645E-10	-49.3986513135
2.1490000000	8.0497751645E-10	-49.3986513135
2.1480000000	8.2421376986E-10	-47.8624052261
2.1470000000	8.0497751645E-10	-49.3986513135
2.1460000000	8.2421376986E-10	-47.8624052261
2.1450000000	8.0497751645E-10	-49.3986513135
2.1440000000	8.2421376986E-10	-47.8624052261
2.1430000000	8.0497751645E-10	-49.3986513135
2.1420000000	8.0497751645E-10	-49.3986513135
2.1410000000	8.0497751645E-10	-49.3986513135
2.1400000000	8.0497751645E-10	-49.3986513135
2.1390000000	8.0497751645E-10	-49.3986513135
2.1380000000	8.0497751645E-10	-49.3986513135
2.1370000000	8.0497751645E-10	-49.3986513135
2.1360000000	8.0497751645E-10	-49.3986513135
2.1350000000	8.0497751645E-10	-49.3986513135
2.1340000000	8.0497751645E-10	-49.3986513135
2.1330000000	7.8310921750E-10	-48.0127331215
2.1320000000	7.8310921750E-10	-48.0127331215
2.1310000000	8.0497751645E-10	-49.3986513135
2.1300000000	8.0497751645E-10	-49.3986513135
2.1290000000	8.0497751645E-10	-49.3986513135
2.1280000000	8.0497751645E-10	-49.3986513135
2.1270000000	8.0497751645E-10	-49.3986513135
2.1260000000	8.0497751645E-10	-49.3986513135
2.1250000000	7.8310921750E-10	-48.0127331215
2.1240000000	8.0497751645E-10	-49.3986513135
2.1230000000	8.0497751645E-10	-49.3986513135
2.1220000000	7.6394599924E-10	-49.6354062816
2.1210000000	7.6394599924E-10	-49.6354062816
2.1200000000	7.6394599924E-10	-49.6354062816
2.1190000000	7.6394599924E-10	-49.6354062816
2.1180000000	7.8634740746E-10	-51.0089493250
2.1170000000	7.4542673592E-10	-51.3401317259
2.1160000000	7.6394599924E-10	-49.6354062816
2.1150000000	7.6394599924E-10	-49.6354062816
2.1140000000	7.6394599924E-10	-49.6354062816
2.1130000000	7.4542673592E-10	-51.3401317259
2.1120000000	7.4542673592E-10	-51.3401317259
2.1110000000	7.4542673592E-10	-51.3401317259
2.1100000000	7.4542673592E-10	-51.3401317259
2.1090000000	7.0453262313E-10	-51.7099006380
2.1080000000	7.0453262313E-10	-51.7099006380
2.1070000000	7.0453262313E-10	-51.7099006380
2.1060000000	7.0453262313E-10	-51.7099006380
2.1050000000	7.0453262313E-10	-51.7099006380
2.1040000000	6.8687847077E-10	-53.6157153377
2.1030000000	6.8687847077E-10	-53.6157153377
2.1020000000	6.8687847077E-10	-53.6157153377
2.1010000000	6.6367348685E-10	-52.1251374970
2.1000000000	6.6367348685E-10	-52.1251374970
2.0990000000	6.6367348685E-10	-52.1251374970
2.0980000000	6.4621448145E-10	-54.1623989575
2.0970000000	6.4621448145E-10	-54.1623989575
2.0960000000	6.2961661798E-10	-56.3099829523
2.0950000000	6.2961661798E-10	-56.3099829523
2.0940000000	6.1395040587E-10	-58.5704830485
2.0930000000	5.8931192428E-10	-57.0948098946
2.0920000000	5.8931192428E-10	-57.0948098946
2.0910000000	5.7402146733E-10	-59.5345056886
2.0900000000	5.7402146733E-10	-59.5345056886
2.0890000000	5.7402146733E-10	-59.5345056886
2.0880000000	5.7402146733E-10	-59.5345056886
2.0870000000	5.5982750152E-10	-62.1027768552
2.0860000000	5.3427929056E-10	-60.6422990325
2.0850000000	5.3427929056E-10	-60.6422990325
2.0840000000	5.2062907376E-10	-63.4349980393
2.0830000000	4.9476711765E-10	-61.9274585684
2.0820000000	4.8175601549E-10	-64.9830562277
2.0810000000	4.7018858116E-10	-68.1985452571
2.0800000000	4.3266112308E-10	-70.3461314021
2.0790000000	4.3266112308E-10	-70.3461314021
2.0780000000	4.2375967491E-10	-74.0545669545
2.0770000000	3.8829576844E-10	-77.0053975859
2.0760000000	3.8280336834E-10	-81.2538229441
2.0750000000	3.8280336834E-10	-81.2538229441
2.0740000000	3.4924800000E-10	90.0000000000
2.0730000000	3.4924800000E-10	90.0000000000
2.0720000000	3.2146419610E-10	84.8055533421
2.0710000000	2.9680374746E-10	78.6900485966
2.0700000000	3.0385465190E-10	73.3007738271
2.0690000000	3.1345967309E-10	68.1985905136
2.0680000000	2.9964401962E-10	60.9453959009
2.0670000000	3.1480789296E-10	56.3099324740
2.0660000000	3.0937976373E-10	48.8140748343
2.0650000000	3.5045856862E-10	41.6335393366
2.0640000000	3.7271305561E-10	38.6598082541
2.0630000000	3.6467207476E-10	28.6104596660
2.0620000000	4.0537181242E-10	21.0375110254
2.0610000000	4.3266112308E-10	19.6538685979
2.0600000000	4.7999643465E-10	14.0362145172
2.0590000000	5.0241390431E-10	10.0079487522
2.0580000000	5.5982660213E-10	8.9726165056
2.0570000000	6.1394956207E-10	5.4403413213
2.0560000000	6.4094911778E-10	2.6025711325
2.0550000000	6.9849500000E-10	0.0000000000
2.0540000000	7.5670300000E-10	0.0000000000
2.0530000000	8.1543055287E-10	-2.0454180187
2.0520000000	8.4851911476E-10	-5.9061413454
2.0510000000	9.3541377838E-10	-5.3558075098
2.0500000000	1.0001797562E-9	-8.3658777893
2.0490000000	1.0622022425E-9	-9.4622690014
2.0480000000	1.1531982924E-9	-10.1754757334
2.0470000000	1.2157632038E-9	-11.0409762819
2.0460000000	1.3070943365E-9	-11.5600956572
2.0450000000	1.3700496962E-9	-12.2648092633
2.0440000000	1.4682325611E-9	-13.7608408068
2.0430000000	1.5673000367E-9	-15.0684338518
2.0420000000	1.6591830155E-9	-15.2550853873
2.0410000000	1.7510822862E-9	-15.4222102633
2.0400000000	1.8429944327E-9	-15.5726069278
2.0390000000	1.9709232238E-9	-16.2940474566
2.0380000000	2.0712952341E-9	-17.1619351274
2.0370000000	2.1633160553E-9	-17.2160265539
2.0360000000	2.3008729093E-9	-18.4349251990
2.0350000000	2.4205396172E-9	-18.2170431140
2.0340000000	2.5125720054E-9	-18.2250391880
2.0330000000	2.6783599916E-9	-19.0255516433
2.0320000000	2.7979179596E-9	-18.8118769478
2.0310000000	2.9366213390E-9	-19.6920396085
2.0300000000	3.1032296213E-9	-20.3045083420
2.0290000000	3.2498880671E-9	-19.8953981791
2.0280000000	3.3893284079E-9	-20.6136013178
2.0270000000	3.5085702187E-9	-20.3892067732
2.0260000000	3.6483388450E-9	-21.0375561265
2.0250000000	3.8322342695E-9	-20.9125862969
2.0240000000	3.9994519803E-9	-21.3368175919
2.0230000000	4.1561775869E-9	-21.3543628845
2.0220000000	4.3400120511E-9	-21.2305181829
2.0210000000	4.5451645171E-9	-21.8013860778
2.0200000000	4.7289354110E-9	-21.6704210884
2.0190000000	4.9505013956E-9	-21.7388466056
2.0180000000	5.1180858882E-9	-22.0434883370
2.0170000000	5.3666680614E-9	-21.9745635738
2.0160000000	5.5613041032E-9	-22.1355032006
2.0150000000	5.7939591960E-9	-22.4428308559
2.0140000000	6.0536246154E-9	-22.6198940702
2.0130000000	6.3021317442E-9	-22.5384680946
2.0120000000	6.4969046184E-9	-22.6593330772
2.0110000000	6.7454091744E-9	-22.5818835159
2.0100000000	7.0164087865E-9	-22.9489176350
2.0090000000	7.3030028931E-9	-22.9887452541
2.0080000000	7.6163956937E-9	-22.9398413136
2.0070000000	7.8762058210E-9	-23.0596096525
2.0060000000	8.1896219862E-9	-23.0113991546
2.0050000000	8.5144088886E-9	-23.1470591415
2.0040000000	8.8125100367E-9	-23.3475882221
2.0030000000	9.0991404655E-9	-23.3669715995
2.0020000000	9.4507459249E-9	-23.4071093678
2.0010000000	9.8023517108E-9	-23.4443140502
2.0000000000	1.0192266191E-8	-23.5637870262
1.9990000000	1.0543887386E-8	-23.5931503545
1.9980000000	1.0895511172E-8	-23.6206184423
1.9970000000	1.1220477501E-8	-23.7059895799
1.9960000000	1.1572165454E-8	-23.7283034122
1.9950000000	1.1950404942E-8	-23.6933048411
1.9940000000	1.2405444573E-8	-23.7986431059
1.9930000000	1.2822042703E-8	-23.8304543473
1.9920000000	1.3238735990E-8	-23.8600884196
1.9910000000	1.3705583280E-8	-24.0613208527
1.9900000000	1.4137045156E-8	-23.9264902658
1.9890000000	1.4592076574E-8	-24.0089307012
1.9880000000	1.5100379008E-8	-23.9961063768
1.9870000000	1.5593879416E-8	-24.1254171540
1.9860000000	1.6167184234E-8	-24.1195927614
1.9850000000	1.6675475299E-8	-24.1045752313
1.9840000000	1.7183771525E-8	-24.0904765698
1.9830000000	1.7730423598E-8	-24.1248110933
1.9820000000	1.8303740682E-8	-24.1197712586
1.9810000000	1.8888957763E-8	-24.1955475996
1.9800000000	1.9462260197E-8	-24.1886434650
1.9790000000	2.0127033488E-8	-24.1560185405
1.9780000000	2.0777279804E-8	-24.2314293977
1.9770000000	2.1362537127E-8	-24.2953482292
1.9760000000	2.2027383595E-8	-24.2622343978
1.9750000000	2.2795647323E-8	-24.2745035817
1.9740000000	2.3537481433E-8	-24.3150069460
1.9730000000	2.4214305626E-8	-24.3470924653
1.9720000000	2.4891132873E-8	-24.3774121101
1.9710000000	2.5633019158E-8	-24.4117481539
1.9700000000	2.6324329593E-8	-24.3548438516
1.9690000000	2.6962540885E-8	-24.3518353871
1.9680000000	2.7586397669E-8	-24.4290518966
1.9670000000	2.8289721968E-8	-24.4293385960
1.9660000000	2.9084566924E-8	-24.4106791239
1.9650000000	2.9956511129E-8	-24.4485926934
1.9640000000	3.0777849713E-8	-24.4080419006
1.9630000000	3.1649792679E-8	-24.4439997270
1.9620000000	3.2471132561E-8	-24.4056797256
1.9610000000	3.3304636305E-8	-24.4149382349
1.9600000000	3.4176539747E-8	-24.4479090200
1.9590000000	3.5166497002E-8	-24.4439547804
1.9580000000	3.6103568556E-8	-24.4783657882
1.9570000000	3.6859778728E-8	-24.4402240705
1.9560000000	3.7705247117E-8	-24.4879583997
1.9550000000	3.8642292724E-8	-24.5189066501
1.9540000000	3.9528671090E-8	-24.4893713832
1.9530000000	4.0453558296E-8	-24.4814524042
1.9520000000	4.1520607476E-8	-24.5171140832
1.9510000000	4.2549072588E-8	-24.5315051028
1.9500000000	4.3500473632E-8	-24.5074510539
1.9490000000	4.4425359031E-8	-24.4998636641
1.9480000000	4.5427477980E-8	-24.5290160882
1.9470000000	4.6455986665E-8	-24.5420455442
1.9460000000	4.7457989229E-8	-24.5690002811
1.9450000000	4.8604466075E-8	-24.5547532915
1.9440000000	4.9582383138E-8	-24.5190764309
1.9430000000	5.0519388981E-8	-24.5423218223
1.9420000000	5.1379241949E-8	-24.5325724626
1.9410000000	5.2277693134E-8	-24.5390224197
1.9400000000	5.3371191302E-8	-24.5525427836
1.9390000000	5.4426171867E-8	-24.5504902185
1.9380000000	5.5584834865E-8	-24.5656552996
1.9370000000	5.6796300154E-8	-24.5557291266
1.9360000000	5.7851371566E-8	-24.5536988224
1.9350000000	5.8841281173E-8	-24.5494671794
1.9340000000	5.9804763566E-8	-24.5570441000
1.9330000000	6.0989803234E-8	-24.5594183459
1.9320000000	6.2136331136E-8	-24.5483286260
1.9310000000	6.3244256542E-8	-24.5247269813
1.9300000000	6.4311280223E-8	-24.5469517865
1.9290000000	6.5313324806E-8	-24.5665421732
1.9280000000	6.6421473111E-8	-24.5435796489
1.9270000000	6.7515013506E-8	-24.5542709967
1.9260000000	6.8531525815E-8	-24.5405606786
1.9250000000	6.9769469049E-8	-24.5229904787
1.9240000000	7.0913655551E-8	-24.5665099791
1.9230000000	7.1942302937E-8	-24.5744269097
1.9220000000	7.2985144822E-8	-24.5517332950
1.9210000000	7.4028039351E-8	-24.5297494714
1.9200000000	7.5133625551E-8	-24.5596769997
1.9190000000	7.6318756274E-8	-24.5615022818
1.9180000000	7.7453146719E-8	-24.5330939714
1.9170000000	7.8520264066E-8	-24.5511529896
1.9160000000	7.9731773064E-8	-24.5443678742
1.9150000000	8.0839657565E-8	-24.5258931286
1.9140000000	8.1906813211E-8	-24.5433629281
1.9130000000	8.3051015540E-8	-24.5802416718
1.9120000000	8.4173262952E-8	-24.5357739134
1.9110000000	8.5293363750E-8	-24.5361914712
1.9100000000	8.6437558794E-8	-24.5717202690
1.9090000000	8.7441841544E-8	-24.5433988974
1.9080000000	8.8458265497E-8	-24.5329289042
1.9070000000	8.9708382202E-8	-24.5362506955
1.9060000000	9.1127157937E-8	-24.5514754621
1.9050000000	9.2430166749E-8	-24.5395403087
1.9040000000	9.3511669705E-8	-24.5310060215
1.9030000000	9.4631679475E-8	-24.5314639471
1.9020000000	9.5725216866E-8	-24.5391429631
1.9010000000	9.6871748485E-8	-24.5322696672
1.9000000000	9.8030314992E-8	-24.5411081461
1.8990000000	9.9306854294E-8	-24.5371089244
1.8980000000	1.0076644852E-7	-24.5220187432
1.8970000000	1.0204077782E-7	-24.5548554463
1.8960000000	1.0334378530E-7	-24.5441380882
1.8950000000	1.0455534474E-7	-24.5389725698
1.8940000000	1.0596194188E-7	-24.5377381005
1.8930000000	1.0727712950E-7	-24.5417378483
1.8920000000	1.0855375968E-7	-24.5380499634
1.8910000000	1.0969791134E-7	-24.5659783339
1.8900000000	1.1093552159E-7	-24.5547773239
1.8890000000	1.1209656860E-7	-24.5289931486
1.8880000000	1.1330813042E-7	-24.5243885933
1.8870000000	1.1454390027E-7	-24.5464136765
1.8860000000	1.1578188156E-7	-24.5358084127
1.8850000000	1.1704620938E-7	-24.5194903250
1.8840000000	1.1842687775E-7	-24.5243394544
1.8830000000	1.1980663719E-7	-24.5292753623
1.8820000000	1.2090058724E-7	-24.5352336698
1.8810000000	1.2225396869E-7	-24.5455915977
1.8800000000	1.2364673489E-7	-24.5622104298
1.8790000000	1.2505507767E-7	-24.5312229810
1.8780000000	1.2635877893E-7	-24.5225095201
1.8770000000	1.2750241013E-7	-24.5468302003
1.8760000000	1.2858431644E-7	-24.5405288965
1.8750000000	1.2983656429E-7	-24.5140907807
1.8740000000	1.3121723167E-7	-24.5185240569
1.8730000000	1.3247937742E-7	-24.5324171795
1.8720000000	1.3372940306E-7	-24.5346680772
1.8710000000	1.3490254201E-7	-24.5246593450
1.8700000000	1.3613831072E-7	-24.5431883271
1.8690000000	1.3739055505E-7	-24.5181795895
1.8680000000	1.3861423681E-7	-24.5254915816
1.8670000000	1.3982362675E-7	-24.5484576112
1.8660000000	1.4086611490E-7	-24.5369595079
1.8650000000	1.4180534181E-7	-24.5188649069
1.8640000000	1.4278076739E-7	-24.5328495822
1.8630000000	1.4383417487E-7	-24.5580779522
1.8620000000	1.4512491036E-7	-24.5400004764
1.8610000000	1.4601132683E-7	-24.5318245462
1.8600000000	1.4702748048E-7	-24.5256538886
1.8590000000	1.4830393053E-7	-24.5231250022
1.8580000000	1.4926506667E-7	-24.5512571599
1.8570000000	1.4989118108E-7	-24.5397619264
1.8560000000	1.5092254592E-7	-24.5189173462
1.8550000000	1.5216053679E-7	-24.5110713081
1.8540000000	1.5334038054E-7	-24.5610253245
1.8530000000	1.5429258797E-7	-24.5539227025
1.8520000000	1.5494508124E-7	-24.5383354331
1.8510000000	1.5563609029E-7	-24.5282277358
1.8500000000	1.5624791164E-7	-24.5314150998
1.8490000000	1.5705298538E-7	-24.5607487601
1.8480000000	1.5796271939E-7	-24.5724588569
1.8470000000	1.5869524328E-7	-24.5439516311
1.8460000000	1.5928293869E-7	-24.5280070628
1.8450000000	1.6010138539E-7	-24.5431651905
1.8440000000	1.6099992838E-7	-24.5451856379
1.8430000000	1.6161396437E-7	-24.5251634081
1.8420000000	1.6221148749E-7	-24.5418483173
1.8410000000	1.6287391362E-7	-24.5592734991
1.8400000000	1.6347364538E-7	-24.5529272503
1.8390000000	1.6406129215E-7	-24.5373831570
1.8380000000	1.6488290433E-7	-24.5293597841
1.8370000000	1.6541558354E-7	-24.5448769765
1.8360000000	1.6617916875E-7	-24.5901426724
1.8350000000	1.6685800838E-7	-24.5713828520
1.8340000000	1.6720054050E-7	-24.5396476439
1.8330000000	1.6743354931E-7	-24.5470307934
1.8320000000	1.6779498794E-7	-24.5780583823
1.8310000000	1.6821231224E-7	-24.5784783425
1.8300000000	1.6878784427E-7	-24.5542974826
1.8290000000	1.6904505891E-7	-24.5795323615
1.8280000000	1.6942386569E-7	-24.5750450145
1.8270000000	1.6975119447E-7	-24.5569228046
1.8260000000	1.7016760874E-7	-24.5575297052
1.8250000000	1.7064973878E-7	-24.5587565611
1.8240000000	1.7145610847E-7	-24.5639193698
1.8230000000	1.7189763523E-7	-24.5820078584
1.8220000000	1.7201522862E-7	-24.5747489674
1.8210000000	1.7230408736E-7	-24.5521062393
1.8200000000	1.7283678400E-7	-24.5668870559
1.8190000000	1.7366740716E-7	-24.5894393789
1.8180000000	1.7426712927E-7	-24.5833823807
1.8170000000	1.7486685332E-7	-24.5773669287
1.8160000000	1.7540177258E-7	-24.5706556908
1.8150000000	1.7584235458E-7	-24.5884273356
1.8140000000	1.7645204616E-7	-24.6121436785
1.8130000000	1.7718241125E-7	-24.6074922032
1.8120000000	1.7792608288E-7	-24.5905757450
1.8110000000	1.7881248044E-7	-24.5836488872
1.8100000000	1.7978585045E-7	-24.6151439114
1.8090000000	1.8098319673E-7	-24.6239125352
1.8080000000	1.8225959208E-7	-24.6211380642
1.8070000000	1.8363936671E-7	-24.6236309664
1.8060000000	1.8541006331E-7	-24.6300657660
1.8050000000	1.8727197355E-7	-24.6333757511
1.8040000000	1.8906694512E-7	-24.6556269399
1.8030000000	1.9103220879E-7	-24.6636016663
1.8020000000	1.9336624351E-7	-24.6402360686
1.8010000000	1.9612458633E-7	-24.6634739121
1.8000000000	1.9903905784E-7	-24.6838832382
1.7990000000	2.0198284586E-7	-24.6817104749
1.7980000000	2.0531867342E-7	-24.6650459658
1.7970000000	2.0881661135E-7	-24.7076151386
1.7960000000	2.1254045774E-7	-24.7120893641
1.7950000000	2.1651250496E-7	-24.7116380895
1.7940000000	2.2070541634E-7	-24.7097367620
1.7930000000	2.2448195218E-7	-24.7077495339
1.7920000000	2.2817945467E-7	-24.7149586677
1.7910000000	2.3211094478E-7	-24.7269774773
1.7900000000	2.3640817203E-7	-24.7288431825
1.7890000000	2.4090501299E-7	-24.7012375140
1.7880000000	2.4533165098E-7	-24.7043652424
1.7870000000	2.4967759090E-7	-24.7308084636
1.7860000000	2.5384407561E-7	-24.7315361113
1.7850000000	2.5819718862E-7	-24.7134093882
1.7840000000	2.6246786165E-7	-24.7178595365
1.7830000000	2.6689750688E-7	-24.7064556197
1.7820000000	2.7086787673E-7	-24.7200791171
1.7810000000	2.7439405196E-7	-24.7355746881
1.7800000000	2.7761453755E-7	-24.7138639653
1.7790000000	2.8117293607E-7	-24.6867870061
1.7780000000	2.8470039416E-7	-24.7022327680
1.7770000000	2.8787523318E-7	-24.7176188363
1.7760000000	2.9061138038E-7	-24.7093476240
1.7750000000	2.9321700173E-7	-24.7004881296
1.7740000000	2.9585989209E-7	-24.7070116243
1.7730000000	2.9820494274E-7	-24.6966106194
1.7720000000	3.0008208845E-7	-24.6908742271
1.7710000000	3.0199256983E-7	-24.7125824716
1.7700000000	3.0372614664E-7	-24.7012134279
1.7690000000	3.0506005893E-7	-24.6701195612
1.7680000000	3.0646230549E-7	-24.6935164918
1.7670000000	3.0791988417E-7	-24.6998810119
1.7660000000	3.0913537480E-7	-24.6733810554
1.7650000000	3.1001993521E-7	-24.6812612645
1.7640000000	3.1085047799E-7	-24.6934715226
1.7630000000	3.1167024159E-7	-24.7008636553
1.7620000000	3.1242859327E-7	-24.6837269694
1.7610000000	3.1298517242E-7	-24.7015720664
1.7600000000	3.1350759529E-7	-24.6926575137
1.7590000000	3.1412374202E-7	-24.6702962223
1.7580000000	3.1452179321E-7	-24.7011426548
1.7570000000	3.1471713675E-7	-24.7022185221
1.7560000000	3.1507269338E-7	-24.6782833612
1.7550000000	3.1538383438E-7	-24.6872988602
1.7540000000	3.1553557997E-7	-24.7094082931
1.7530000000	3.1556283340E-7	-24.7071313551
1.7520000000	3.1557917649E-7	-24.6883803579
1.7510000000	3.1579995930E-7	-24.6873385780
1.7500000000	3.1578784808E-7	-24.6825578042
1.7490000000	3.1567865435E-7	-24.7150411157
1.7480000000	3.1585679794E-7	-24.7349152737
1.7470000000	3.1587609820E-7	-24.7043483630
1.7460000000	3.1589032621E-7	-24.6973714564
1.7450000000	3.1567865435E-7	-24.7150411157
1.7440000000	3.1557537399E-7	-24.7120795267
1.7430000000	3.1539594779E-7	-24.6920855759
1.7420000000	3.1507889202E-7	-24.7185972080
1.7410000000	3.1477404386E-7	-24.7499561880
1.7400000000	3.1470081866E-7	-24.7210216000
1.7390000000	3.1450547319E-7	-24.7199573558
1.7380000000	3.1406467995E-7	-24.7101834837
1.7370000000	3.1389150211E-7	-24.7305583356
1.7360000000	3.1377103685E-7	-24.7465214855
1.7350000000	3.1342386675E-7	-24.7232397455
1.7340000000	3.1300941459E-7	-24.7112173853
1.7330000000	3.1265393385E-7	-24.7353479464
1.7320000000	3.1248080517E-7	-24.7558287265
1.7310000000	3.1215746653E-7	-24.7419636332
1.7300000000	3.1171458540E-7	-24.7440603986
1.7290000000	3.1144228780E-7	-24.7377757781
1.7280000000	3.1130969185E-7	-24.7490203519
1.7270000000	3.1086315301E-7	-24.7751920604
1.7260000000	3.1050130913E-7	-24.7586569404
1.7250000000	3.1041220998E-7	-24.7485580835
1.7240000000	3.1034443935E-7	-24.7602217274
1.7230000000	3.1005752329E-7	-24.7608661459
1.7220000000	3.0956607544E-7	-24.7435085921
1.7210000000	3.0943348565E-7	-24.7548238025
1.7200000000	3.0940149354E-7	-24.7932477705
1.7190000000	3.0919558084E-7	-24.7751535112
1.7180000000	3.0900113790E-7	-24.7740268282
1.7170000000	3.0910646596E-7	-24.7650167499
1.7160000000	3.0902746920E-7	-24.7717737328
1.7150000000	3.0890506297E-7	-24.8000261653
1.7140000000	3.0879160992E-7	-24.7801169248
1.7130000000	3.0893835755E-7	-24.7616304807
1.7120000000	3.0910646596E-7	-24.7650167499
1.7110000000	3.0899911799E-7	-24.7860449383
1.7100000000	3.0892123896E-7	-24.7808661583
1.7090000000	3.0916925026E-7	-24.7774056692
1.7080000000	3.0937717601E-7	-24.7834964057
1.7070000000	3.0937877979E-7	-24.7713248427
1.7060000000	3.0955545068E-7	-24.8037357194
1.7050000000	3.0983840342E-7	-24.8270220477
1.7040000000	3.1000122990E-7	-24.7894821273
1.7030000000	3.0987319801E-7	-24.7765869398
1.7020000000	3.0981603939E-7	-24.8053003863
1.7010000000	3.0991934617E-7	-24.8082859416
1.7000000000	3.1005388641E-7	-24.7849882292
1.6990000000	3.0997290245E-7	-24.8037101191
1.6980000000	3.1017599026E-7	-24.8337904358
1.6970000000	3.1026909318E-7	-24.8199337610
1.6960000000	3.1035916797E-7	-24.8299392516
1.6950000000	3.1018817101E-7	-24.8386517800
1.6940000000	3.1034896695E-7	-24.8131140777
1.6930000000	3.1046444854E-7	-24.8209496199
1.6920000000	3.1031780411E-7	-24.8393731895
1.6910000000	3.1017753634E-7	-24.8216499624
1.6900000000	3.1033481671E-7	-24.8202208554
1.6890000000	3.1032998743E-7	-24.8442320929
1.6880000000	3.1022279633E-7	-24.8652047318
1.6870000000	3.1008290550E-7	-24.8476554309
1.6860000000	3.1004440440E-7	-24.8450443339
1.6850000000	3.0990126000E-7	-24.8393691357
1.6840000000	3.0963570502E-7	-24.8741508618
1.6830000000	3.0938730493E-7	-24.8775156745
1.6820000000	3.0932633432E-7	-24.8531498459
1.6810000000	3.0909490923E-7	-24.8372710454
1.6800000000	3.0873881242E-7	-24.8619306478
1.6790000000	3.0858286549E-7	-24.8634788014
1.6780000000	3.0845232345E-7	-24.8628415640
1.6770000000	3.0803577936E-7	-24.8628692210
1.6760000000	3.0765774077E-7	-24.8655263981
1.6750000000	3.0742387593E-7	-24.8618983483
1.6740000000	3.0711946121E-7	-24.8941810759
1.6730000000	3.0668833561E-7	-24.9016945336
1.6720000000	3.0613332902E-7	-24.8717150047
1.6710000000	3.0584493261E-7	-24.8847855346
1.6700000000	3.0545231318E-7	-24.8949618054
1.6690000000	3.0486909961E-7	-24.8793216628
1.6680000000	3.0424499573E-7	-24.8734192533
1.6670000000	3.0370862620E-7	-24.8901816235
1.6660000000	3.0335452666E-7	-24.9030985317
1.6650000000	3.0288725888E-7	-24.8955405411
1.6640000000	3.0227346923E-7	-24.9069055664
1.6630000000	3.0183250347E-7	-24.8970086685
1.6620000000	3.0140474492E-7	-24.8798420032
1.6610000000	3.0071244367E-7	-24.8983808048
1.6600000000	3.0003571862E-7	-24.8970982863
1.6590000000	2.9956754794E-7	-24.8895277005
1.6580000000	2.9903357357E-7	-24.8939071962
1.6570000000	2.9842964518E-7	-24.9231651891
1.6560000000	2.9776513855E-7	-24.9269897200
1.6550000000	2.9727342100E-7	-24.9091891245
1.6540000000	2.9674042335E-7	-24.9012036867
1.6530000000	2.9593273275E-7	-24.8990866753
1.6520000000	2.9528085151E-7	-24.9081692719
1.6510000000	2.9491318176E-7	-24.9287024250
1.6500000000	2.9434165099E-7	-24.9179474528
1.6490000000	2.9368089021E-7	-24.8965215230
1.6480000000	2.9311783474E-7	-24.9161408977
1.6470000000	2.9260598788E-7	-24.9439176504
1.6460000000	2.9192925770E-7	-24.9427050782
1.6450000000	2.9131734759E-7	-24.9418482211
1.6440000000	2.9083782848E-7	-24.9288591108
1.6430000000	2.9052504780E-7	-24.9323028448
1.6420000000	2.9005316903E-7	-24.9501491057
1.6410000000	2.8939050208E-7	-24.9413126651
1.6400000000	2.8900210159E-7	-24.9261799972
1.6390000000	2.8860005838E-7	-24.9188334460
1.6380000000	2.8810186227E-7	-24.9392084873
1.6370000000	2.8759188840E-7	-24.9545967738
1.6360000000	2.8720347027E-7	-24.9393873022
1.6350000000	2.8698180811E-7	-24.9408109744
1.6340000000	2.8651451424E-7	-24.9328825920
1.6330000000	2.8610745683E-7	-24.9513458065
1.6320000000	2.8583139959E-7	-24.9706824290
1.6310000000	2.8560022199E-7	-24.9537745124
1.6300000000	2.8517237482E-7	-24.9357158592
1.6290000000	2.8489629131E-7	-24.9551008032
1.6280000000	2.8476483527E-7	-24.9674097800
1.6270000000	2.8451827624E-7	-24.9580966289
1.6260000000	2.8421955994E-7	-24.9538819662
1.6250000000	2.8395713255E-7	-24.9653918047
1.6240000000	2.8400971425E-7	-24.9604532179
1.6230000000	2.8402237533E-7	-24.9659398608
1.6220000000	2.8371963462E-7	-24.9877234025
1.6210000000	2.8353920907E-7	-24.9788542489
1.6200000000	2.8361988458E-7	-24.9583375331
1.6190000000	2.8355145652E-7	-24.9841660177
1.6180000000	2.8343315712E-7	-24.9888418735
1.6170000000	2.8344990070E-7	-24.9678640707
1.6160000000	2.8356549678E-7	-24.9763798392
1.6150000000	2.8350846090E-7	-25.0076146117
1.6140000000	2.8338058756E-7	-24.9937957750
1.6130000000	2.8345766362E-7	-24.9994680632
1.6120000000	2.8367974095E-7	-24.9981639249
1.6110000000	2.8364078035E-7	-24.9951471273
1.6100000000	2.8358821348E-7	-25.0000985707
1.6090000000	2.8380586936E-7	-25.0250527630
1.6080000000	2.8399073155E-7	-25.0076425573
1.6070000000	2.8405910719E-7	-24.9818483589
1.6060000000	2.8404153457E-7	-25.0157723549
1.6050000000	2.8426013020E-7	-25.0405894349
1.6040000000	2.8465212785E-7	-25.0297222588
1.6030000000	2.8466571450E-7	-25.0217815574
1.6020000000	2.8474455167E-7	-25.0143771789
1.6010000000	2.8508225657E-7	-25.0215194409
1.6000000000	2.8532886664E-7	-25.0307593721
1.5990000000	2.8544450887E-7	-25.0391936083
1.5980000000	2.8552598347E-7	-25.0187118930
1.5970000000	2.8569592543E-7	-25.0092243319
1.5960000000	2.8595305433E-7	-25.0367088076
1.5950000000	2.8606698825E-7	-25.0581055348
1.5940000000	2.8622381185E-7	-25.0562447861
1.5930000000	2.8651070613E-7	-25.0552509750
1.5920000000	2.8670779726E-7	-25.0432363190
1.5910000000	2.8678489749E-7	-25.0488295087
1.5900000000	2.8699036963E-7	-25.0682247121
1.5890000000	2.8721201538E-7	-25.0667027515
1.5880000000	2.8737226223E-7	-25.0389958348
1.5870000000	2.8746163796E-7	-25.0498139452
1.5860000000	2.8772055483E-7	-25.0641845932
1.5850000000	2.8799213699E-7	-25.0707624438
1.5840000000	2.8801931083E-7	-25.0682336178
1.5830000000	2.8799213699E-7	-25.0707624438
1.5820000000	2.8820149592E-7	-25.0640216038
1.5810000000	2.8846043064E-7	-25.0783426398
1.5800000000	2.8844479245E-7	-25.0988781483
1.5790000000	2.8831758625E-7	-25.0725384624
1.5780000000	2.8832018840E-7	-25.0595722529
1.5770000000	2.8840958359E-7	-25.0703484295
1.5760000000	2.8836676217E-7	-25.0934148008
1.5750000000	2.8823711303E-7	-25.0927527125
1.5740000000	2.8823711303E-7	-25.0927527125
1.5730000000	2.8819688987E-7	-25.1028640703
1.5720000000	2.8800150979E-7	-25.1019609065
1.5710000000	2.8792272893E-7	-25.1093054996
1.5700000000	2.8794571754E-7	-25.1326547553
1.5690000000	2.8785913483E-7	-25.0958945243
1.5680000000	2.8767605599E-7	-25.1002162225
1.5670000000	2.8746507582E-7	-25.1199162596
1.5660000000	2.8743881887E-7	-25.1223702192
1.5650000000	2.8734937448E-7	-25.1115738246
1.5640000000	2.8708752973E-7	-25.1232829790
1.5630000000	2.8704572093E-7	-25.1463786516
1.5620000000	2.8711054703E-7	-25.1466990362
1.5610000000	2.8705804517E-7	-25.1516183648
1.5600000000	2.8679783508E-7	-25.1504250749
1.5590000000	2.8668330447E-7	-25.1289386642
1.5580000000	2.8673419266E-7	-25.1369706088
1.5570000000	2.8671908549E-7	-25.1578138146
1.5560000000	2.8647237398E-7	-25.1487281197
1.5550000000	2.8647237398E-7	-25.1487281197
1.5540000000	2.8653720014E-7	-25.1490486139
1.5530000000	2.8636488479E-7	-25.1716467581
1.5520000000	2.8623681614E-7	-25.1580391536
1.5510000000	2.8619665100E-7	-25.1682303500
1.5500000000	2.8617040444E-7	-25.1706996186
1.5490000000	2.8605626080E-7	-25.1493555057
1.5480000000	2.8593643919E-7	-25.1670485828
1.5470000000	2.8603827466E-7	-25.1831379921
1.5460000000	2.8606609255E-7	-25.1676823234
1.5450000000	2.8591177900E-7	-25.1565289253
1.5440000000	2.8581754981E-7	-25.1846711884
1.5430000000	2.8597189068E-7	-25.1958130738
1.5420000000	2.8595954620E-7	-25.1905553648
1.5410000000	2.8579040187E-7	-25.1872305625
1.5400000000	2.8573947845E-7	-25.1791810421
1.5390000000	2.8590706323E-7	-25.1955025494
1.5380000000	2.8598160602E-7	-25.2272277384
1.5370000000	2.8593175913E-7	-25.2060190160
1.5360000000	2.8599813183E-7	-25.1933397868
1.5350000000	2.8627111838E-7	-25.1999305484
1.5340000000	2.8638535602E-7	-25.2212384789
1.5330000000	2.8643782790E-7	-25.2162948400
1.5320000000	2.8672470719E-7	-25.2151416300
1.5310000000	2.8702092504E-7	-25.2451104186
1.5300000000	2.8713821525E-7	-25.2404725394
1.5290000000	2.8732275174E-7	-25.2231257678
1.5280000000	2.8762005608E-7	-25.2399294983
1.5270000000	2.8799799340E-7	-25.2365960520
1.5260000000	2.8820725338E-7	-25.2297349117
1.5250000000	2.8845253513E-7	-25.2515736734
1.5240000000	2.8898487142E-7	-25.2592263641
1.5230000000	2.8935240395E-7	-25.2375893252
1.5220000000	2.8969024455E-7	-25.2443577187
1.5210000000	2.9022109725E-7	-25.2647896128
1.5200000000	2.9085778164E-7	-25.2753026768
1.5190000000	2.9136731506E-7	-25.2595257802
1.5180000000	2.9166656542E-7	-25.2635017203
1.5170000000	2.9209547588E-7	-25.2680455940
1.5160000000	2.9291371995E-7	-25.2868068228
1.5150000000	2.9357664397E-7	-25.2947572032
1.5140000000	2.9408803934E-7	-25.2666381761
1.5130000000	2.9489445235E-7	-25.2676689361
1.5120000000	2.9568690171E-7	-25.2888291021
1.5110000000	2.9637604651E-7	-25.2943049496
1.5100000000	2.9715768419E-7	-25.2851418237
1.5090000000	2.9801600112E-7	-25.2937307840
1.5080000000	2.9900158418E-7	-25.3278373498
1.5070000000	2.9981031253E-7	-25.3162152283
1.5060000000	3.0068198803E-7	-25.3175347436
1.5050000000	3.0176193919E-7	-25.3242932644
1.5040000000	3.0279323162E-7	-25.2991484651
1.5030000000	3.0349426789E-7	-25.3215805895
1.5020000000	3.0431212459E-7	-25.3397458573
1.5010000000	3.0545970602E-7	-25.3222830811
1.5000000000	3.0665875440E-7	-25.3126007806
1.4990000000	3.0760673371E-7	-25.3308753581
1.4980000000	3.0848806782E-7	-25.3610706057
1.4970000000	3.0979281781E-7	-25.3420676903
1.4960000000	3.1092472505E-7	-25.3442125624
1.4950000000	3.1169342594E-7	-25.3423725322
1.4940000000	3.1262946408E-7	-25.3556254865
1.4930000000	3.1402024541E-7	-25.3704502203
1.4920000000	3.1521789373E-7	-25.3726318137
1.4910000000	3.1607898522E-7	-25.3569881256
1.4900000000	3.1725136595E-7	-25.3495776981
1.4890000000	3.1826374790E-7	-25.3793745710
1.4880000000	3.1931573684E-7	-25.3996547389
1.4870000000	3.2009728576E-7	-25.3908910483
1.4860000000	3.2104894532E-7	-25.3849522430
1.4850000000	3.2224569319E-7	-25.3871085837
1.4840000000	3.2318135814E-7	-25.3996390887
1.4830000000	3.2403888755E-7	-25.4188582556
1.4820000000	3.2514461732E-7	-25.4228354902
1.4810000000	3.2621478861E-7	-25.4013641749
1.4800000000	3.2702211515E-7	-25.4018862878
1.4790000000	3.2774907934E-7	-25.4204967614
1.4780000000	3.2888190457E-7	-25.4221798095
1.4770000000	3.2988373140E-7	-25.4233203765
1.4760000000	3.3058668153E-7	-25.4212520249
1.4750000000	3.3134072284E-7	-25.4260984356
1.4740000000	3.3240743478E-7	-25.4386974112
1.4730000000	3.3325041781E-7	-25.4640029368
1.4720000000	3.3387481157E-7	-25.4682883411
1.4710000000	3.3447678492E-7	-25.4413760115
1.4700000000	3.3533648955E-7	-25.4375316769
1.4690000000	3.3604937147E-7	-25.4620402710
1.4680000000	3.3658151313E-7	-25.4792412710
1.4670000000	3.3735052282E-7	-25.4662950752
1.4660000000	3.3823558702E-7	-25.4714436533
1.4650000000	3.3897594841E-7	-25.4826026102
1.4640000000	3.3953551573E-7	-25.4865756460
1.4630000000	3.4024895047E-7	-25.5108309851
1.4620000000	3.4105748018E-7	-25.5001805668
1.4610000000	3.4168388483E-7	-25.4824067326
1.4600000000	3.4213874391E-7	-25.4947074869
1.4590000000	3.4289086337E-7	-25.5210471939
1.4580000000	3.4368599060E-7	-25.5061631655
1.4570000000	3.4406431800E-7	-25.5028584975
1.4560000000	3.4445228329E-7	-25.5257058367
1.4550000000	3.4521586125E-7	-25.5669047395
1.4540000000	3.4585739513E-7	-25.5322258998
1.4530000000	3.4627274536E-7	-25.5421240405
1.4520000000	3.4676706983E-7	-25.5455778127
1.4510000000	3.4743132306E-7	-25.5411097805
1.4500000000	3.4821176981E-7	-25.5541502042
1.4490000000	3.4861349800E-7	-25.5703117512
1.4480000000	3.4894085478E-7	-25.5498730349
1.4470000000	3.4970861263E-7	-25.5478516344
1.4460000000	3.5034372356E-7	-25.5774193804
1.4450000000	3.5070637776E-7	-25.5910824061
1.4440000000	3.5131940675E-7	-25.5800895533
1.4430000000	3.5202211228E-7	-25.5883167214
1.4420000000	3.5256719419E-7	-25.5983313404
1.4410000000	3.5287694295E-7	-25.6266314920
1.4400000000	3.5339894343E-7	-25.6175029877
1.4390000000	3.5432558927E-7	-25.5926419563
1.4380000000	3.5477860534E-7	-25.6149038170
1.4370000000	3.5519404122E-7	-25.6244566600
1.4360000000	3.5597737375E-7	-25.6055774177
1.4350000000	3.5670535025E-7	-25.6117026588
1.4340000000	3.5727375412E-7	-25.6612060836
1.4330000000	3.5763754363E-7	-25.6641319010
1.4320000000	3.5832891266E-7	-25.6472043167
1.4310000000	3.5908395977E-7	-25.6511327151
1.4300000000	3.5960340218E-7	-25.6629999960
1.4290000000	3.6004203995E-7	-25.7013243010
1.4280000000	3.6086292745E-7	-25.6949805900
1.4270000000	3.6154167415E-7	-25.6740030860
1.4260000000	3.6191747308E-7	-25.6914265426
1.4250000000	3.6237162626E-7	-25.7130298694
1.4240000000	3.6310063630E-7	-25.7086004917
1.4230000000	3.6369997121E-7	-25.7038819008
1.4220000000	3.6415420903E-7	-25.7152305147
1.4210000000	3.6471386713E-7	-25.7185723268
1.4200000000	3.6551840350E-7	-25.7387341142
1.4190000000	3.6624687863E-7	-25.7546515450
1.4180000000	3.6670445563E-7	-25.7251942065
1.4170000000	3.6753602897E-7	-25.7432008515
1.4160000000	3.6854998853E-7	-25.7576301993
1.4150000000	3.6937083640E-7	-25.7513074758
1.4140000000	3.7007370683E-7	-25.7488368449
1.4130000000	3.7098096932E-7	-25.7911735280
1.4120000000	3.7203463863E-7	-25.8073480555
1.4110000000	3.7289592963E-7	-25.7831217350
1.4100000000	3.7361140488E-7	-25.7846192423
1.4090000000	3.7474383350E-7	-25.7848579051
1.4080000000	3.7603117850E-7	-25.8034756917
1.4070000000	3.7695255032E-7	-25.8291306644
1.4060000000	3.7789039651E-7	-25.8190900282
1.4050000000	3.7890834581E-7	-25.7935010185
1.4040000000	3.7989458991E-7	-25.8288267671
1.4030000000	3.8084303319E-7	-25.8521919416
1.4020000000	3.8163564878E-7	-25.8674375223
1.4010000000	3.8256080356E-7	-25.8535174287
1.4000000000	3.8344605236E-7	-25.8571650840
1.3990000000	3.8400406923E-7	-25.8698719080
1.3980000000	3.8470624729E-7	-25.8865277472
1.3970000000	3.8555034811E-7	-25.9074208013
1.3960000000	3.8600831868E-7	-25.8791907656
1.3950000000	3.8630700218E-7	-25.8913295163
1.3940000000	3.8669588589E-7	-25.9112907727
1.3930000000	3.8728006489E-7	-25.9219373129
1.3920000000	3.8776227642E-7	-25.9208206571
1.3910000000	3.8774887252E-7	-25.9265479320
1.3900000000	3.8809934422E-7	-25.9347176546
1.3890000000	3.8867176476E-7	-25.9413818999
1.3880000000	3.8896804784E-7	-25.9822408755
1.3870000000	3.8913874198E-7	-25.9652438118
1.3860000000	3.8955545412E-7	-25.9543739914
1.3850000000	3.8995652828E-7	-25.9874638367
1.3840000000	3.9020387754E-7	-25.9936089516
1.3830000000	3.9012568007E-7	-25.9992088477
1.3820000000	3.9032085397E-7	-25.9899724893
1.3810000000	3.9099489827E-7	-26.0367087484
1.3800000000	3.9103428596E-7	-26.0291604646
1.3790000000	3.9130712666E-7	-26.0428929613
1.3780000000	3.9187905311E-7	-26.0588252346
1.3770000000	3.9208897572E-7	-26.0343925404
1.3760000000	3.9208897572E-7	-26.0343925404
1.3750000000	3.9226778279E-7	-26.0878080537
1.3740000000	3.9245011154E-7	-26.0747752409
1.3730000000	3.9282922697E-7	-26.0620066385
1.3720000000	3.9248879935E-7	-26.0863140590
1.3710000000	3.9244791138E-7	-26.1222408743
1.3700000000	3.9294336591E-7	-26.1152347407
1.3690000000	3.9274801067E-7	-26.1054854422
1.3680000000	3.9227851950E-7	-26.1202206563
1.3670000000	3.9214833322E-7	-26.1295477344
1.3660000000	3.9201678272E-7	-26.1484227908
1.3650000000	3.9182178356E-7	-26.1576980612
1.3640000000	3.9160082226E-7	-26.1403244199
1.3630000000	3.9149576673E-7	-26.1574897370
1.3620000000	3.9159942656E-7	-26.1784057578
1.3610000000	3.9139076604E-7	-26.1839609107
1.3600000000	3.9105240938E-7	-26.1797651462
1.3590000000	3.9120689921E-7	-26.2161386952
1.3580000000	3.9106316741E-7	-26.2314085239
1.3570000000	3.9069915851E-7	-26.2196203410
1.3560000000	3.9046376726E-7	-26.2461211556
1.3550000000	3.9033444379E-7	-26.2364968310
1.3540000000	3.9024314464E-7	-26.2381928184
1.3530000000	3.8977320442E-7	-26.2722466725
1.3520000000	3.8948692308E-7	-26.2740051098
1.3510000000	3.8966985776E-7	-26.2607271729
1.3500000000	3.8956428675E-7	-26.2874153260
1.3490000000	3.8912082265E-7	-26.3101465243
1.3480000000	3.8886054493E-7	-26.3100418010
1.3470000000	3.8878284686E-7	-26.3061682016
1.3460000000	3.8857372001E-7	-26.3309552991
1.3450000000	3.8832586236E-7	-26.3345670235
1.3440000000	3.8818324258E-7	-26.3499284832
1.3430000000	3.8831246849E-7	-26.3691363350
1.3420000000	3.8807817298E-7	-26.3671693008
1.3410000000	3.8773950327E-7	-26.3726797344
1.3400000000	3.8789501047E-7	-26.3997085288
1.3390000000	3.8789482876E-7	-26.4092868597
1.3380000000	3.8773934356E-7	-26.4015585982
1.3370000000	3.8746565134E-7	-26.4264406791
1.3360000000	3.8746466109E-7	-26.4649948215
1.3350000000	3.8750468535E-7	-26.4476805747
1.3340000000	3.8723023363E-7	-26.4726762777
1.3330000000	3.8685285136E-7	-26.4667574185
1.3320000000	3.8716505212E-7	-26.4629319221
1.3310000000	3.8728225069E-7	-26.5073577158
1.3300000000	3.8696962370E-7	-26.5110854009
1.3290000000	3.8681376118E-7	-26.4840367592
1.3280000000	3.8687889173E-7	-26.5033899220
1.3270000000	3.8696991329E-7	-26.5496229381
1.3260000000	3.8664477694E-7	-26.5592855741
1.3250000000	3.8640999138E-7	-26.5572927239
1.3240000000	3.8663180579E-7	-26.5650511771
1.3230000000	3.8668368343E-7	-26.5612078285
1.3220000000	3.8648826427E-7	-26.5804986430
1.3210000000	3.8652773143E-7	-26.6113888474
1.3200000000	3.8665742333E-7	-26.6113733049
1.3190000000	3.8647530752E-7	-26.5862672924
1.3180000000	3.8630598391E-7	-26.6228904405
1.3170000000	3.8625475379E-7	-26.6847917454
1.3160000000	3.8650188260E-7	-26.6711908138
1.3150000000	3.8650176791E-7	-26.6615779364
1.3140000000	3.8628053735E-7	-26.6732416508
1.3130000000	3.8625462371E-7	-26.6751727217
1.3120000000	3.8652880537E-7	-26.7078425319
1.3110000000	3.8647664813E-7	-26.7406141930
1.3100000000	3.8617660410E-7	-26.7195179854
1.3090000000	3.8622913997E-7	-26.7059630357
1.3080000000	3.8621657676E-7	-26.7504187995
1.3070000000	3.8584011469E-7	-26.7737767173
1.3060000000	3.8539702444E-7	-26.7778728956
1.3050000000	3.8521580504E-7	-26.7914760927
1.3040000000	3.8538516941E-7	-26.8030785527
1.3030000000	3.8508649107E-7	-26.8206966745
1.3020000000	3.8464448506E-7	-26.8443062773
1.3010000000	3.8446259422E-7	-26.8481706973
1.3000000000	3.8416228373E-7	-26.8270479237
