2.3000000000	8.2421376986E-10	-47.8624052261
2.2990000000	8.2421376986E-10	-47.8624052261
2.2980000000	8.2421376986E-10	-47.8624052261
2.2970000000	8.2421376986E-10	-47.8624052261
2.2960000000	8.2421376986E-10	-47.8624052261
2.2950000000	8.2421376986E-10	-47.8624052261
2.2940000000	8.2421376986E-10	-47.8624052261
2.2930000000	8.2421376986E-10	-47.8624052261
2.2920000000	8.2421376986E-10	-47.8624052261
2.2910000000	8.2421376986E-10	-47.8624052261
2.2900000000	8.2421376986E-10	-47.8624052261
2.2890000000	8.2421376986E-10	-47.8624052261
2.2880000000	8.2421376986E-10	-47.8624052261
2.2870000000	8.2421376986E-10	-47.8624052261
2.2860000000	8.2421376986E-10	-47.8624052261
2.2850000000	8.2421376986E-10	-47.8624052261
2.2840000000	8.2421376986E-10	-47.8624052261
2.2830000000	8.2421376986E-10	-47.8624052261
2.2820000000	8.2421376986E-10	-47.8624052261
2.2810000000	8.2421376986E-10	-47.8624052261
2.2800000000	8.2421376986E-10	-47.8624052261
2.2790000000	8.2421376986E-10	-47.8624052261
2.2780000000	8.4602079142E-10	-49.1849161251
2.2770000000	8.2421376986E-10	-47.8624052261
2.2760000000	8.2421376986E-10	-47.8624052261
2.2750000000	8.0497751645E-10	-49.3986513135
2.2740000000	8.2421376986E-10	-47.8624052261
2.2730000000	8.4602079142E-10	-49.1849161251
2.2720000000	8.2421376986E-10	-47.8624052261
2.2710000000	8.2421376986E-10	-47.8624052261
2.2700000000	8.2421376986E-10	-47.8624052261
2.2690000000	8.2421376986E-10	-47.8624052261
2.2680000000	8.2421376986E-10	-47.8624052261
2.2670000000	8.2421376986E-10	-47.8624052261
2.2660000000	8.2421376986E-10	-47.8624052261
2.2650000000	8.2421376986E-10	-47.8624052261
2.2640000000	8.2421376986E-10	-47.8624052261
2.2630000000	8.2421376986E-10	-47.8624052261
2.2620000000	8.2421376986E-10	-47.8624052261
2.2610000000	8.2421376986E-10	-47.8624052261
2.2600000000	8.2421376986E-10	-47.8624052261
2.2590000000	8.2421376986E-10	-47.8624052261
2.2580000000	8.2421376986E-10	-47.8624052261
2.2570000000	8.2421376986E-10	-47.8624052261
2.2560000000	8.0497751645E-10	-49.3986513135
2.2550000000	8.2421376986E-10	-47.8624052261
2.2540000000	8.2421376986E-10	-47.8624052261
2.2530000000	8.2421376986E-10	-47.8624052261
2.2520000000	8.2421376986E-10	-47.8624052261
2.2510000000	8.2421376986E-10	-47.8624052261
2.2500000000	8.2421376986E-10	-47.8624052261
2.2490000000	8.2421376986E-10	-47.8624052261
2.2480000000	8.2421376986E-10	-47.8624052261
2.2470000000	8.2421376986E-10	-47.8624052261
2.2460000000	8.2421376986E-10	-47.8624052261
2.2450000000	8.0497751645E-10	-49.3986513135
2.2440000000	8.2421376986E-10	-47.8624052261
2.2430000000	8.0497751645E-10	-49.3986513135
2.2420000000	8.0497751645E-10	-49.3986513135
2.2410000000	8.0497751645E-10	-49.3986513135
2.2400000000	8.2421376986E-10	-47.8624052261
2.2390000000	8.2421376986E-10	-47.8624052261
2.2380000000	8.0497751645E-10	-49.3986513135
2.2370000000	8.0497751645E-10	-49.3986513135
2.2360000000	8.0497751645E-10	-49.3986513135
2.2350000000	8.2421376986E-10	-47.8624052261
2.2340000000	8.2421376986E-10	-47.8624052261
2.2330000000	8.2421376986E-10	-47.8624052261
2.2320000000	8.0497751645E-10	-49.3986513135
2.2310000000	8.0497751645E-10	-49.3986513135
2.2300000000	8.2421376986E-10	-47.8624052261
2.2290000000	8.2421376986E-10	-47.8624052261
2.2280000000	8.2421376986E-10	-47.8624052261
2.2270000000	8.0497751645E-10	-49.3986513135
2.2260000000	8.0497751645E-10	-49.3986513135
2.2250000000	8.0497751645E-10	-49.3986513135
2.2240000000	8.0497751645E-10	-49.3986513135
2.2230000000	8.2421376986E-10	-47.8624052261
2.2220000000	8.0497751645E-10	-49.3986513135
2.2210000000	8.0497751645E-10	-49.3986513135
2.2200000000	8.2421376986E-10	-47.8624052261
2.2190000000	8.0497751645E-10	-49.3986513135
2.2180000000	8.0497751645E-10	-49.3986513135
2.2170000000	8.0497751645E-10	-49.3986513135
2.2160000000	8.0497751645E-10	-49.3986513135
2.2150000000	8.0497751645E-10	-49.3986513135
2.2140000000	8.0497751645E-10	-49.3986513135
2.2130000000	8.0497751645E-10	-49.3986513135
2.2120000000	8.0497751645E-10	-49.3986513135
2.2110000000	8.0497751645E-10	-49.3986513135
2.2100000000	8.0497751645E-10	-49.3986513135
2.2090000000	8.0497751645E-10	-49.3986513135
2.2080000000	8.0497751645E-10	-49.3986513135
2.2070000000	8.0497751645E-10	-49.3986513135
2.2060000000	8.0497751645E-10	-49.3986513135
2.2050000000	8.0497751645E-10	-49.3986513135
2.2040000000	8.0497751645E-10	-49.3986513135
2.2030000000	8.0497751645E-10	-49.3986513135
2.2020000000	8.0497751645E-10	-49.3986513135
2.2010000000	8.0497751645E-10	-49.3986513135
2.2000000000	8.0497751645E-10	-49.3986513135
2.1990000000	8.0497751645E-10	-49.3986513135
2.1980000000	8.0497751645E-10	-49.3986513135
2.1970000000	8.2421376986E-10	-47.8624052261
2.1960000000	8.0497751645E-10	-49.3986513135
2.1950000000	8.0497751645E-10	-49.3986513135
2.1940000000	8.0497751645E-10	-49.3986513135
2.1930000000	8.0497751645E-10	-49.3986513135
2.1920000000	7.8310921750E-10	-48.0127331215
2.1910000000	8.0497751645E-10	-49.3986513135
2.1900000000	8.0497751645E-10	-49.3986513135
2.1890000000	8.0497751645E-10	-49.3986513135
2.1880000000	8.0497751645E-10	-49.3986513135
2.1870000000	8.0497751645E-10	-49.3986513135
2.1860000000	8.0497751645E-10	-49.3986513135
2.1850000000	8.0497751645E-10	-49.3986513135
2.1840000000	8.0497751645E-10	-49.3986513135
2.1830000000	8.0497751645E-10	-49.3986513135
2.1820000000	8.0497751645E-10	-49.3986513135
2.1810000000	8.0497751645E-10	-49.3986513135
2.1800000000	8.0497751645E-10	-49.3986513135
2.1790000000	8.2421376986E-10	-47.8624052261
2.1780000000	8.0497751645E-10	-49.3986513135
2.1770000000	8.0497751645E-10	-49.3986513135
2.1760000000	8.0497751645E-10	-49.3986513135
2.1750000000	8.0497751645E-10	-49.3986513135
2.1740000000	8.2421376986E-10	-47.8624052261
2.1730000000	8.0497751645E-10	-49.3986513135
2.1720000000	8.0497751645E-10	-49.3986513135
2.1710000000	8.0497751645E-10	-49.3986513135
2.1700000000	8.0497751645E-10	-49.3986513135
2.1690000000	8.0497751645E-10	-49.3986513135
2.1680000000	8.0497751645E-10	-49.3986513135
2.1670000000	8.0497751645E-10	-49.3986513135
2.1660000000	8.0497751645E-10	-49.3986513135
2.1650000000	7.8310921750E-10	-48.0127331215
2.1640000000	8.0497751645E-10	-49.3986513135
2.1630000000	8.0497751645E-10	-49.3986513135
2.1620000000	8.0497751645E-10	-49.3986513135
2.1610000000	8.0497751645E-10	-49.3986513135
2.1600000000	8.0497751645E-10	-49.3986513135
2.1590000000	7.8310921750E-10	-48.0127331215
2.1580000000	7.8310921750E-10	-48.0127331215
2.1570000000	8.0497751645E-10	-49.3986513135
2.1560000000	8.0497751645E-10	-49.3986513135
2.1550000000	8.0497751645E-10	-49.3986513135
2.1540000000	8.0497751645E-10	-49.3986513135
2.1530000000	7.8310921750E-10	-48.0127331215
2.1520000000	7.8310921750E-10	-48.0127331215
2.1510000000	8.0497751645E-10	-49.3986513135
2.1500000000	7.6394599924E-10	-49.6354062816
2.1490000000	7.8310921750E-10	-48.0127331215
2.1480000000	8.0497751645E-10	-49.3986513135
2.1470000000	8.0497751645E-10	-49.3986513135
2.1460000000	8.0497751645E-10	-49.3986513135
2.1450000000	7.8634740746E-10	-51.0089493250
2.1440000000	7.6394599924E-10	-49.6354062816
2.1430000000	7.8634740746E-10	-51.0089493250
2.1420000000	7.8634740746E-10	-51.0089493250
2.1410000000	8.0497751645E-10	-49.3986513135
2.1400000000	7.6394599924E-10	-49.6354062816
2.1390000000	7.8310921750E-10	-48.0127331215
2.1380000000	7.8310921750E-10	-48.0127331215
2.1370000000	8.0497751645E-10	-49.3986513135
2.1360000000	7.6394599924E-10	-49.6354062816
2.1350000000	7.8310921750E-10	-48.0127331215
2.1340000000	7.8634740746E-10	-51.0089493250
2.1330000000	7.8310921750E-10	-48.0127331215
2.1320000000	7.6394599924E-10	-49.6354062816
2.1310000000	7.8634740746E-10	-51.0089493250
2.1300000000	7.6394599924E-10	-49.6354062816
2.1290000000	7.6394599924E-10	-49.6354062816
2.1280000000	7.6394599924E-10	-49.6354062816
2.1270000000	7.6394599924E-10	-49.6354062816
2.1260000000	7.6394599924E-10	-49.6354062816
2.1250000000	7.6394599924E-10	-49.6354062816
2.1240000000	7.8634740746E-10	-51.0089493250
2.1230000000	7.6394599924E-10	-49.6354062816
2.1220000000	7.8634740746E-10	-51.0089493250
2.1210000000	7.6394599924E-10	-49.6354062816
2.1200000000	7.6394599924E-10	-49.6354062816
2.1190000000	7.6394599924E-10	-49.6354062816
2.1180000000	7.6394599924E-10	-49.6354062816
2.1170000000	7.6394599924E-10	-49.6354062816
2.1160000000	7.6394599924E-10	-49.6354062816
2.1150000000	7.6394599924E-10	-49.6354062816
2.1140000000	7.4542673592E-10	-51.3401317259
2.1130000000	7.4542673592E-10	-51.3401317259
2.1120000000	7.6394599924E-10	-49.6354062816
2.1110000000	7.6394599924E-10	-49.6354062816
2.1100000000	7.6394599924E-10	-49.6354062816
2.1090000000	7.6394599924E-10	-49.6354062816
2.1080000000	7.4542673592E-10	-51.3401317259
2.1070000000	7.6394599924E-10	-49.6354062816
2.1060000000	7.2759940000E-10	-53.1301653512
2.1050000000	7.2759940000E-10	-53.1301653512
2.1040000000	7.0453262313E-10	-51.7099006380
2.1030000000	7.2292900675E-10	-49.8990318307
2.1020000000	7.2292900675E-10	-49.8990318307
2.1010000000	7.0453262313E-10	-51.7099006380
2.1000000000	7.2759940000E-10	-53.1301653512
2.0990000000	7.2759940000E-10	-53.1301653512
2.0980000000	7.0453262313E-10	-51.7099006380
2.0970000000	6.8687847077E-10	-53.6157153377
2.0960000000	6.6367348685E-10	-52.1251374970
2.0950000000	6.6367348685E-10	-52.1251374970
2.0940000000	6.8687847077E-10	-53.6157153377
2.0930000000	6.8687847077E-10	-53.6157153377
2.0920000000	6.6367348685E-10	-52.1251374970
2.0910000000	6.6367348685E-10	-52.1251374970
2.0900000000	6.4621448145E-10	-54.1623989575
2.0890000000	6.4621448145E-10	-54.1623989575
2.0880000000	6.4621448145E-10	-54.1623989575
2.0870000000	6.4621448145E-10	-54.1623989575
2.0860000000	6.4621448145E-10	-54.1623989575
2.0850000000	6.4621448145E-10	-54.1623989575
2.0840000000	6.1395040587E-10	-58.5704830485
2.0830000000	5.8931192428E-10	-57.0948098946
2.0820000000	5.8931192428E-10	-57.0948098946
2.0810000000	5.8931192428E-10	-57.0948098946
2.0800000000	5.8931192428E-10	-57.0948098946
2.0790000000	5.8931192428E-10	-57.0948098946
2.0780000000	5.7402146733E-10	-59.5345056886
2.0770000000	5.7402146733E-10	-59.5345056886
2.0760000000	5.7402146733E-10	-59.5345056886
2.0750000000	5.3427929056E-10	-60.6422990325
2.0740000000	5.3427929056E-10	-60.6422990325
2.0730000000	5.3427929056E-10	-60.6422990325
2.0720000000	5.2062907376E-10	-63.4349980393
2.0710000000	4.8175601549E-10	-64.9830562277
2.0700000000	4.8175601549E-10	-64.9830562277
2.0690000000	4.8175601549E-10	-64.9830562277
2.0680000000	4.4329800180E-10	-66.8013585727
2.0670000000	4.4329800180E-10	-66.8013585727
2.0660000000	4.3266112308E-10	-70.3461314021
2.0650000000	4.2375967491E-10	-74.0545669545
2.0640000000	4.1670486547E-10	-77.9052275578
2.0630000000	3.8280336834E-10	-81.2538229441
2.0620000000	3.8280336834E-10	-81.2538229441
2.0610000000	3.5045857693E-10	-85.2363420169
2.0600000000	3.4924800000E-10	90.0000000000
2.0590000000	3.5045857693E-10	85.2363420169
2.0580000000	2.9249159003E-10	84.2893873709
2.0570000000	2.9680374746E-10	78.6900485966
2.0560000000	3.0385465190E-10	73.3007738271
2.0550000000	2.8664115746E-10	66.0375110254
2.0540000000	2.9964401962E-10	60.9453959009
2.0530000000	3.1480789296E-10	56.3099324740
2.0520000000	3.2927417215E-10	45.0000000000
2.0510000000	3.5045856862E-10	41.6335393366
2.0500000000	3.3183665572E-10	37.8749836511
2.0490000000	3.6467207476E-10	28.6104596660
2.0480000000	3.7835200000E-10	22.6198649480
2.0470000000	4.3266112308E-10	19.6538685979
2.0460000000	4.6017369642E-10	18.4349881961
2.0450000000	5.0828048203E-10	13.2404940968
2.0440000000	5.3109913200E-10	9.4622938310
2.0430000000	5.8498317010E-10	5.7106028833
2.0420000000	6.1187656475E-10	2.7263203473
2.0410000000	6.7002440127E-10	2.4895614652
2.0400000000	7.2759900000E-10	0.0000000000
2.0390000000	7.8795991278E-10	-4.2364074221
2.0380000000	8.4601980067E-10	-3.9451976449
2.0370000000	9.0970172163E-10	-7.3523954799
2.0360000000	1.0001797562E-9	-8.3658777893
2.0350000000	1.0578072286E-9	-7.9071179949
2.0340000000	1.0909167997E-9	-9.2110097267
2.0330000000	1.1872149114E-9	-11.3099324740
2.0320000000	1.2848663131E-9	-13.0919132661
2.0310000000	1.3482410330E-9	-13.7362683056
2.0300000000	1.4399844533E-9	-14.0362627685
2.0290000000	1.5317626206E-9	-14.3003144060
2.0280000000	1.6235693915E-9	-14.5344740587
2.0270000000	1.7154103023E-9	-14.7435135351
2.0260000000	1.8149794767E-9	-15.8192243202
2.0250000000	1.8789482786E-9	-16.1893035567
2.0240000000	2.0071269724E-9	-16.8583490961
2.0230000000	2.0991266742E-9	-16.9274812751
2.0220000000	2.2275476017E-9	-17.4880128351
2.0210000000	2.3285072800E-9	-18.2084149634
2.0200000000	2.4573495200E-9	-18.6495166622
2.0190000000	2.5863323429E-9	-19.0465744394
2.0180000000	2.7058869829E-9	-18.8246835994
2.0170000000	2.8720194911E-9	-19.5367058831
2.0160000000	3.0012438418E-9	-19.8406851250
2.0150000000	3.1305376811E-9	-20.1196926940
2.0140000000	3.3145293147E-9	-20.0262014155
2.0130000000	3.4812988017E-9	-20.5561222709
2.0120000000	3.6107708678E-9	-20.7723365389
2.0110000000	3.7402778759E-9	-20.9734910374
2.0100000000	3.9346353196E-9	-21.2504451882
2.0090000000	4.1184992270E-9	-21.1246572108
2.0080000000	4.3128999109E-9	-21.3705093138
2.0070000000	4.5073675361E-9	-21.5953153737
2.0060000000	4.7289354110E-9	-21.6704210884
2.0050000000	4.9505013956E-9	-21.7388466056
2.0040000000	5.1180858882E-9	-22.0434883370
2.0030000000	5.3666680614E-9	-21.9745635738
2.0020000000	5.5992469608E-9	-22.2991290544
2.0010000000	5.8588715446E-9	-22.4885360884
2.0000000000	6.0805056868E-9	-22.5143940444
1.9990000000	6.3401958706E-9	-22.6806068976
1.9980000000	6.5886934559E-9	-22.6004325623
1.9970000000	6.8484040831E-9	-22.7509713651
1.9960000000	7.0700480619E-9	-22.7649830865
1.9950000000	7.3566250743E-9	-22.8116857351
1.9940000000	7.6432119391E-9	-22.8547879919
1.9930000000	7.9411638494E-9	-23.0882869244
1.9920000000	8.2545766359E-9	-23.0393669662
1.9910000000	8.6061365788E-9	-23.0967660826
1.9900000000	8.9309549082E-9	-23.2230533812
1.9890000000	9.2558135804E-9	-23.3404764053
1.9880000000	9.6074160161E-9	-23.3809292809
1.9870000000	9.9706202996E-9	-23.5719205130
1.9860000000	1.0387238539E-8	-23.6202214136
1.9850000000	1.0765536733E-8	-23.5850616638
1.9840000000	1.1155489390E-8	-23.6893196937
1.9830000000	1.1572165454E-8	-23.7283034122
1.9820000000	1.1977057798E-8	-23.6373652163
1.9810000000	1.2378733079E-8	-23.8531809945
1.9800000000	1.2860427689E-8	-23.8966664872
1.9790000000	1.3356978778E-8	-23.7723142285
1.9780000000	1.3838567881E-8	-23.8157077263
1.9770000000	1.4293650910E-8	-23.9032339452
1.9760000000	1.4840267349E-8	-23.9511521003
1.9750000000	1.5386984788E-8	-23.9955142292
1.9740000000	1.5907138676E-8	-24.0795256889
1.9730000000	1.6453880295E-8	-24.1167457382
1.9720000000	1.7027185342E-8	-24.1115074877
1.9710000000	1.7600399243E-8	-24.1067434517
1.9700000000	1.8147149493E-8	-24.1396993799
1.9690000000	1.8693909490E-8	-24.1707555024
1.9680000000	1.9240575256E-8	-24.2001143263
1.9670000000	1.9825824995E-8	-24.2699382973
1.9660000000	2.0464141145E-8	-24.2685839182
1.9650000000	2.1155532255E-8	-24.2025536850
1.9640000000	2.1844202834E-8	-24.3113304606
1.9630000000	2.2456001708E-8	-24.3394870261
1.9620000000	2.3147361826E-8	-24.2770209699
1.9610000000	2.3862681254E-8	-24.3456214491
1.9600000000	2.4592539870E-8	-24.3204946708
1.9590000000	2.5334369800E-8	-24.3566961211
1.9580000000	2.6129176054E-8	-24.3384261130
1.9570000000	2.6871010530E-8	-24.3720623205
1.9560000000	2.7651422141E-8	-24.4340771854
1.9550000000	2.8369229149E-8	-24.3564198457
1.9540000000	2.9137574159E-8	-24.3633824580
1.9530000000	2.9944479037E-8	-24.3979053894
1.9520000000	3.0816377378E-8	-24.4349531643
1.9510000000	3.1714817767E-8	-24.4483505135
1.9500000000	3.2574683999E-8	-24.4354536077
1.9490000000	3.3408190359E-8	-24.4439405868
1.9480000000	3.4306590405E-8	-24.4559383927
1.9470000000	3.5113521932E-8	-24.4832522725
1.9460000000	3.6064938412E-8	-24.4555119075
1.9450000000	3.7081437045E-8	-24.4327400395
1.9440000000	3.7953387262E-8	-24.4621582940
1.9430000000	3.8890332567E-8	-24.4935918009
1.9420000000	3.9658725136E-8	-24.4961811870
1.9410000000	4.0518584921E-8	-24.4847977583
1.9400000000	4.1443513985E-8	-24.4772958252
1.9390000000	4.2368402306E-8	-24.4699983504
1.9380000000	4.3396899918E-8	-24.4853449786
1.9370000000	4.4425359031E-8	-24.4998636641
1.9360000000	4.5403346889E-8	-24.4622000905
1.9350000000	4.6313810561E-8	-24.5035018187
1.9340000000	4.7250811197E-8	-24.5286640612
1.9330000000	4.8358746927E-8	-24.4982480198
1.9320000000	4.9387208353E-8	-24.5110393394
1.9310000000	5.0468760306E-8	-24.4959405284
1.9300000000	5.1509299439E-8	-24.5377064792
1.9290000000	5.2487175426E-8	-24.5044663233
1.9280000000	5.3515637925E-8	-24.5161513617
1.9270000000	5.4505682609E-8	-24.5123170620
1.9260000000	5.5522074436E-8	-24.4961112877
1.9250000000	5.6707110821E-8	-24.4999381886
1.9240000000	5.7812721448E-8	-24.5394923863
1.9230000000	5.8882151416E-8	-24.5001814615
1.9220000000	5.9963614543E-8	-24.4877089165
1.9210000000	6.1057101016E-8	-24.5004463175
1.9200000000	6.2201360452E-8	-24.5504379077
1.9190000000	6.3374313361E-8	-24.5289159017
1.9180000000	6.4585875475E-8	-24.5208392137
1.9170000000	6.5667515760E-8	-24.5090374085
1.9160000000	6.6710431436E-8	-24.4853096075
1.9150000000	6.7751051395E-8	-24.5171913535
1.9140000000	6.8779557520E-8	-24.5261687019
1.9130000000	6.9875385865E-8	-24.4833753955
1.9120000000	7.1046101521E-8	-24.5176925060
1.9110000000	7.2296208889E-8	-24.5222548937
1.9100000000	7.3534249605E-8	-24.5058600839
1.9090000000	7.4680738355E-8	-24.4975570295
1.9080000000	7.5759871021E-8	-24.5369014049
1.9070000000	7.7140046178E-8	-24.5441209107
1.9060000000	7.8404504055E-8	-24.5196625176
1.9050000000	7.9693215767E-8	-24.5340275533
1.9040000000	8.0892610006E-8	-24.5087813898
1.9030000000	8.2130696708E-8	-24.4943691662
1.9020000000	8.3301327538E-8	-24.5235115817
1.9010000000	8.4382834412E-8	-24.5142594592
1.9000000000	8.5647308702E-8	-24.4923102631
1.8990000000	8.6974560783E-8	-24.5153756886
1.8980000000	8.8304019903E-8	-24.4955218815
1.8970000000	8.9580655272E-8	-24.4917115391
1.8960000000	9.0922226880E-8	-24.4895205303
1.8950000000	9.2290372944E-8	-24.4798793234
1.8940000000	9.3617575534E-8	-24.5014285844
1.8930000000	9.4997694876E-8	-24.5078862292
1.8920000000	9.6445283336E-8	-24.4768861944
1.8910000000	9.7825489022E-8	-24.4834791470
1.8900000000	9.8996068683E-8	-24.5080774523
1.8890000000	1.0015706630E-7	-24.4797846940
1.8880000000	1.0143361220E-7	-24.4766410799
1.8870000000	1.0276081223E-7	-24.4963147989
1.8860000000	1.0421803059E-7	-24.5181184257
1.8850000000	1.0560058174E-7	-24.4884047289
1.8840000000	1.0698078957E-7	-24.4942848580
1.8830000000	1.0833438684E-7	-24.5063712911
1.8820000000	1.0959895521E-7	-24.4892881739
1.8810000000	1.1102987313E-7	-24.5160283434
1.8800000000	1.1264577940E-7	-24.4991372218
1.8790000000	1.1409351414E-7	-24.4729559980
1.8780000000	1.1538202653E-7	-24.4834405922
1.8770000000	1.1670676371E-7	-24.5326954846
1.8760000000	1.1802481796E-7	-24.5046977491
1.8750000000	1.1941885324E-7	-24.4913576827
1.8740000000	1.2082590679E-7	-24.4907310958
1.8730000000	1.2235058907E-7	-24.4800018374
1.8720000000	1.2380952134E-7	-24.4685889660
1.8710000000	1.2518791368E-7	-24.5034796245
1.8700000000	1.2650504436E-7	-24.4778097412
1.8690000000	1.2797694256E-7	-24.4784652393
1.8680000000	1.2936875602E-7	-24.4952551855
1.8670000000	1.3074942003E-7	-24.4999032204
1.8660000000	1.3201467782E-7	-24.4855992484
1.8650000000	1.3331752507E-7	-24.4780039909
1.8640000000	1.3447634956E-7	-24.4848616039
1.8630000000	1.3558371254E-7	-24.4744376554
1.8620000000	1.3680738057E-7	-24.4822374689
1.8610000000	1.3822649600E-7	-24.4927602268
1.8600000000	1.3949084753E-7	-24.4794579709
1.8590000000	1.4071451714E-7	-24.4869975544
1.8580000000	1.4189973485E-7	-24.4885695301
1.8570000000	1.4311130267E-7	-24.4852661032
1.8560000000	1.4436373006E-7	-24.4620761535
1.8550000000	1.4540400654E-7	-24.4771988731
1.8540000000	1.4660128373E-7	-24.4891505864
1.8530000000	1.4778873880E-7	-24.4654133682
1.8520000000	1.4889386188E-7	-24.4811075687
1.8510000000	1.4984287471E-7	-24.4992740514
1.8500000000	1.5083582744E-7	-24.4732038069
1.8490000000	1.5190246160E-7	-24.4830375881
1.8480000000	1.5298211809E-7	-24.5025310156
1.8470000000	1.5390704518E-7	-24.5004043524
1.8460000000	1.5485832072E-7	-24.4938201999
1.8450000000	1.5588654893E-7	-24.4979810574
1.8440000000	1.5690267019E-7	-24.4923847236
1.8430000000	1.5769790851E-7	-24.4885983614
1.8420000000	1.5872609422E-7	-24.4926857598
1.8410000000	1.5959824242E-7	-24.4993243146
1.8400000000	1.6023871701E-7	-24.4750059841
1.8390000000	1.6086258976E-7	-24.4877377659
1.8380000000	1.6168195800E-7	-24.5028369142
1.8370000000	1.6244006075E-7	-24.4712048365
1.8360000000	1.6310557360E-7	-24.4658868236
1.8350000000	1.6385690761E-7	-24.5029003590
1.8340000000	1.6461273692E-7	-24.4943047726
1.8330000000	1.6534312996E-7	-24.4898407675
1.8320000000	1.6604618100E-7	-24.4896750404
1.8310000000	1.6669649309E-7	-24.4978057293
1.8300000000	1.6746529928E-7	-24.4982975383
1.8290000000	1.6808918629E-7	-24.5103954988
1.8280000000	1.6863529063E-7	-24.5127644640
1.8270000000	1.6922296816E-7	-24.4978339724
1.8260000000	1.6986117392E-7	-24.4968191824
1.8250000000	1.7043232908E-7	-24.5168716848
1.8240000000	1.7092876982E-7	-24.5053025003
1.8230000000	1.7142430747E-7	-24.4939388956
1.8220000000	1.7206342345E-7	-24.4928134838
1.8210000000	1.7263591594E-7	-24.4911929483
1.8200000000	1.7307733209E-7	-24.5093135297
1.8190000000	1.7357062359E-7	-24.5195309858
1.8180000000	1.7415833724E-7	-24.5050306998
1.8170000000	1.7457787766E-7	-24.4842518862
1.8160000000	1.7495353175E-7	-24.5015305051
1.8150000000	1.7542043300E-7	-24.5155902977
1.8140000000	1.7584000315E-7	-24.4949650812
1.8130000000	1.7621791901E-7	-24.4909673456
1.8120000000	1.7663203827E-7	-24.5127579570
1.8110000000	1.7721747203E-7	-24.5195116101
1.8100000000	1.7774034005E-7	-24.5045281572
1.8090000000	1.7816878297E-7	-24.5137161274
1.8080000000	1.7886067185E-7	-24.5048539443
1.8070000000	1.7964068180E-7	-24.5138889061
1.8060000000	1.8035359139E-7	-24.5426991903
1.8050000000	1.8101817515E-7	-24.5377760483
1.8040000000	1.8178924583E-7	-24.5176062318
1.8030000000	1.8285589937E-7	-24.5255163626
1.8020000000	1.8389492580E-7	-24.5572333694
1.8010000000	1.8505286154E-7	-24.5618492682
1.8000000000	1.8651048440E-7	-24.5734695555
1.7990000000	1.8802081683E-7	-24.5775286292
1.7980000000	1.8961031044E-7	-24.5706144453
1.7970000000	1.9147220857E-7	-24.5744299342
1.7960000000	1.9350319111E-7	-24.5836982151
1.7950000000	1.9589694764E-7	-24.6004064165
1.7940000000	1.9840010854E-7	-24.5837217881
1.7930000000	2.0077961453E-7	-24.6110176668
1.7920000000	2.0339608773E-7	-24.6250713875
1.7910000000	2.0624988026E-7	-24.6085662354
1.7900000000	2.0916635899E-7	-24.6109251956
1.7890000000	2.1262774943E-7	-24.6322343762
1.7880000000	2.1639307458E-7	-24.6244112440
1.7870000000	2.2016751404E-7	-24.6407616352
1.7860000000	2.2382648756E-7	-24.6455418495
1.7850000000	2.2791820598E-7	-24.6244236687
1.7840000000	2.3240873476E-7	-24.6458060314
1.7830000000	2.3694907393E-7	-24.6763631503
1.7820000000	2.4078138162E-7	-24.6537502955
1.7810000000	2.4479404940E-7	-24.6424661262
1.7800000000	2.4907679025E-7	-24.6544353212
1.7790000000	2.5342172082E-7	-24.6814384089
1.7780000000	2.5762970532E-7	-24.6716143970
1.7770000000	2.6216307450E-7	-24.6645666016
1.7760000000	2.6649944812E-7	-24.6701047683
1.7750000000	2.7025195260E-7	-24.6579108268
1.7740000000	2.7415703918E-7	-24.6714329602
1.7730000000	2.7820814716E-7	-24.6641832985
1.7720000000	2.8172644941E-7	-24.6482539663
1.7710000000	2.8485024304E-7	-24.6560515812
1.7700000000	2.8776577723E-7	-24.6702325995
1.7690000000	2.9067219051E-7	-24.6532879446
1.7680000000	2.9349055561E-7	-24.6258792822
1.7670000000	2.9596224232E-7	-24.6420801105
1.7660000000	2.9856573649E-7	-24.6464035434
1.7650000000	3.0080758472E-7	-24.6334344773
1.7640000000	3.0289127585E-7	-24.6343696879
1.7630000000	3.0478182239E-7	-24.6219555284
1.7620000000	3.0667017732E-7	-24.6218026720
1.7610000000	3.0842672175E-7	-24.6328740233
1.7600000000	3.0988644925E-7	-24.6275006492
1.7590000000	3.1099665221E-7	-24.6103478587
1.7580000000	3.1207339631E-7	-24.6314717538
1.7570000000	3.1315235348E-7	-24.6405924758
1.7560000000	3.1431526175E-7	-24.6191665332
1.7550000000	3.1532939928E-7	-24.6278663047
1.7540000000	3.1612452729E-7	-24.6256037264
1.7530000000	3.1691965579E-7	-24.6233525014
1.7520000000	3.1737464307E-7	-24.6262179602
1.7510000000	3.1778179928E-7	-24.6098242018
1.7500000000	3.1830159114E-7	-24.6130989046
1.7490000000	3.1870384753E-7	-24.6203098173
1.7480000000	3.1883437388E-7	-24.6210258608
1.7470000000	3.1900463953E-7	-24.6127409945
1.7460000000	3.1931135186E-7	-24.6449672886
1.7450000000	3.1960820670E-7	-24.6607891584
1.7440000000	3.1965276028E-7	-24.6283309053
1.7430000000	3.1961431355E-7	-24.6257715882
1.7420000000	3.1978328720E-7	-24.6290415500
1.7410000000	3.1974484028E-7	-24.6264833632
1.7400000000	3.1958576597E-7	-24.6395570421
1.7390000000	3.1948469592E-7	-24.6249845054
1.7380000000	3.1940780475E-7	-24.6198617562
1.7370000000	3.1923445074E-7	-24.6398465711
1.7360000000	3.1896997041E-7	-24.6616392839
1.7350000000	3.1877945969E-7	-24.6370172817
1.7340000000	3.1858412300E-7	-24.6359151548
1.7330000000	3.1824056946E-7	-24.6642838522
1.7320000000	3.1799425835E-7	-24.6557162012
1.7310000000	3.1787889961E-7	-24.6480062708
1.7300000000	3.1765720402E-7	-24.6490891200
1.7290000000	3.1716285032E-7	-24.6437574284
1.7280000000	3.1674414098E-7	-24.6552195918
1.7270000000	3.1657300084E-7	-24.6636619844
1.7260000000	3.1644771174E-7	-24.6394138726
1.7250000000	3.1599957510E-7	-24.6649160140
1.7240000000	3.1556706479E-7	-24.6835962794
1.7230000000	3.1537559306E-7	-24.6587976667
1.7220000000	3.1513061248E-7	-24.6502372517
1.7210000000	3.1481041155E-7	-24.6886006812
1.7200000000	3.1470501869E-7	-24.6974218716
1.7190000000	3.1475983921E-7	-24.6812129163
1.7180000000	3.1478619015E-7	-24.6790088058
1.7170000000	3.1468078918E-7	-24.6878274627
1.7160000000	3.1461597802E-7	-24.6874406145
1.7150000000	3.1483464177E-7	-24.6981910805
1.7140000000	3.1474560036E-7	-24.6882141516
1.7130000000	3.1464404402E-7	-24.6732676073
1.7120000000	3.1482465014E-7	-24.6816008698
1.7110000000	3.1497561064E-7	-24.7156311458
1.7100000000	3.1492411071E-7	-24.7083276461
1.7090000000	3.1486098912E-7	-24.6959860727
1.7080000000	3.1509521446E-7	-24.6998168170
1.7070000000	3.1538171623E-7	-24.6990731807
1.7060000000	3.1540806339E-7	-24.6968719238
1.7050000000	3.1536748936E-7	-24.7060614160
1.7040000000	3.1557917649E-7	-24.6883803579
1.7030000000	3.1573514816E-7	-24.6869530007
1.7020000000	3.1584466484E-7	-24.7301371862
1.7010000000	3.1604209315E-7	-24.7194406192
1.7000000000	3.1635914667E-7	-24.6930088601
1.6990000000	3.1650010681E-7	-24.7103672292
1.6980000000	3.1646704398E-7	-24.7480044992
1.6970000000	3.1649338079E-7	-24.7458067183
1.6960000000	3.1657495674E-7	-24.7272451692
1.6950000000	3.1659964092E-7	-24.7369435230
1.6940000000	3.1657495674E-7	-24.7272451692
1.6930000000	3.1661342870E-7	-24.7298167284
1.6920000000	3.1663605617E-7	-24.7512417259
1.6910000000	3.1650716248E-7	-24.7386771451
1.6900000000	3.1623785676E-7	-24.7206645872
1.6890000000	3.1624494058E-7	-24.7489977479
1.6880000000	3.1633332987E-7	-24.7707382652
1.6870000000	3.1616593358E-7	-24.7555981673
1.6860000000	3.1580247954E-7	-24.7512420015
1.6850000000	3.1584095745E-7	-24.7538169269
1.6840000000	3.1597354819E-7	-24.7427315947
1.6830000000	3.1566029375E-7	-24.7455518190
1.6820000000	3.1526754332E-7	-24.7552378455
1.6810000000	3.1516589099E-7	-24.7403376591
1.6800000000	3.1501199655E-7	-24.7300055258
1.6790000000	3.1464146085E-7	-24.7610868250
1.6780000000	3.1431444709E-7	-24.7711173983
1.6770000000	3.1404171446E-7	-24.7647425997
1.6760000000	3.1366569305E-7	-24.7553913625
1.6750000000	3.1322323340E-7	-24.7576631281
1.6740000000	3.1285640809E-7	-24.7650485593
1.6730000000	3.1271259712E-7	-24.7713527252
1.6720000000	3.1227126675E-7	-24.7618387498
1.6710000000	3.1173928538E-7	-24.7539086287
1.6700000000	3.1122864424E-7	-24.7676573383
1.6690000000	3.1083480634E-7	-24.7893792967
1.6680000000	3.1033025358E-7	-24.7673261945
1.6670000000	3.0960249997E-7	-24.7581308498
1.6660000000	3.0923046640E-7	-24.8019669904
1.6650000000	3.0890506297E-7	-24.8000261653
1.6640000000	3.0830733019E-7	-24.7917804371
1.6630000000	3.0764478920E-7	-24.7831272162
1.6620000000	3.0725457469E-7	-24.7807799992
1.6610000000	3.0683844997E-7	-24.7808658978
1.6600000000	3.0640682630E-7	-24.7880570305
1.6590000000	3.0578076241E-7	-24.7941426937
1.6580000000	3.0518303423E-7	-24.7858010268
1.6570000000	3.0471425343E-7	-24.7904663914
1.6560000000	3.0396585132E-7	-24.8253123951
1.6550000000	3.0326478981E-7	-24.8139351507
1.6540000000	3.0293938420E-7	-24.8119689613
1.6530000000	3.0226111139E-7	-24.8229607502
1.6520000000	3.0148174144E-7	-24.8060412237
1.6510000000	3.0102670660E-7	-24.8032962895
1.6500000000	3.0048826109E-7	-24.8324718200
1.6490000000	2.9995531936E-7	-24.8244356550
1.6480000000	2.9913589077E-7	-24.8172665353
1.6470000000	2.9855122172E-7	-24.8137568226
1.6460000000	2.9815462339E-7	-24.8489996306
1.6450000000	2.9760948780E-7	-24.8358635303
1.6440000000	2.9698540797E-7	-24.8297255167
1.6430000000	2.9664585920E-7	-24.8351704525
1.6420000000	2.9624387530E-7	-24.8278899563
1.6410000000	2.9569876498E-7	-24.8146300578
1.6400000000	2.9513361443E-7	-24.8465421768
1.6390000000	2.9477207971E-7	-24.8293887149
1.6380000000	2.9447299129E-7	-24.8250136676
1.6370000000	2.9389610192E-7	-24.8521258696
1.6360000000	2.9329638824E-7	-24.8562263793
1.6350000000	2.9297487565E-7	-24.8288882984
1.6340000000	2.9266164498E-7	-24.8320223641
1.6330000000	2.9218900216E-7	-24.8623817299
1.6320000000	2.9178225190E-7	-24.8805656530
1.6310000000	2.9162779868E-7	-24.8693008380
1.6300000000	2.9136762121E-7	-24.8678741511
1.6290000000	2.9091450193E-7	-24.8523646715
1.6280000000	2.9068064160E-7	-24.8485170565
1.6270000000	2.9066267651E-7	-24.8816601084
1.6260000000	2.9046541652E-7	-24.8934014982
1.6250000000	2.9002829891E-7	-24.8574712131
1.6240000000	2.8998695991E-7	-24.8675704861
1.6230000000	2.8998314711E-7	-24.8931841825
1.6220000000	2.8977648687E-7	-24.8868606791
1.6210000000	2.8956702409E-7	-24.8934367356
1.6200000000	2.8951630718E-7	-24.8854406497
1.6190000000	2.8955630238E-7	-24.8752261283
1.6180000000	2.8937314127E-7	-24.8793828378
1.6170000000	2.8915048014E-7	-24.8935102738
1.6160000000	2.8923971777E-7	-24.9043067988
1.6150000000	2.8937314127E-7	-24.8793828378
1.6140000000	2.8924160436E-7	-24.8914668760
1.6130000000	2.8925048620E-7	-24.9225362559
1.6120000000	2.8940829232E-7	-24.9080202288
1.6110000000	2.8950032093E-7	-24.9058907366
1.6100000000	2.8964217280E-7	-24.9118367000
1.6090000000	2.8974738393E-7	-24.9021745590
1.6080000000	2.8998168358E-7	-24.9061704908
1.6070000000	2.9014887843E-7	-24.9224108787
1.6060000000	2.9013665930E-7	-24.9172172907
1.6050000000	2.9021744358E-7	-24.8971841264
1.6040000000	2.9057764361E-7	-24.9274818733
1.6030000000	2.9074396228E-7	-24.9437598230
1.6020000000	2.9075802965E-7	-24.9361682052
1.6010000000	2.9094116986E-7	-24.9319955346
1.6000000000	2.9134364320E-7	-24.9394432114
1.5990000000	2.9153900962E-7	-24.9404449319
1.5980000000	2.9153900962E-7	-24.9404449319
1.5970000000	2.9185220944E-7	-24.9371824518
1.5960000000	2.9215276428E-7	-24.9285918636
1.5950000000	2.9223880647E-7	-24.9648614531
1.5940000000	2.9225285964E-7	-24.9573076503
1.5930000000	2.9254300997E-7	-24.9308630799
1.5920000000	2.9286659651E-7	-24.9454481346
1.5910000000	2.9297855778E-7	-24.9790519658
1.5900000000	2.9291373665E-7	-24.9787008982
1.5890000000	2.9313719798E-7	-24.9646076379
1.5880000000	2.9332074965E-7	-24.9606281467
1.5870000000	2.9337333336E-7	-24.9558480390
1.5860000000	2.9331803470E-7	-24.9733724107
1.5850000000	2.9343275635E-7	-24.9941741726
1.5840000000	2.9351521135E-7	-24.9616913976
1.5830000000	2.9336971996E-7	-24.9811671844
1.5820000000	2.9350983255E-7	-24.9996520960
1.5810000000	2.9375997612E-7	-24.9833591471
1.5800000000	2.9374730673E-7	-24.9780551350
1.5790000000	2.9344678979E-7	-24.9866497010
1.5780000000	2.9355014717E-7	-24.9897379031
1.5770000000	2.9361361618E-7	-25.0029119110
1.5760000000	2.9357643255E-7	-24.9873468961
1.5750000000	2.9336971996E-7	-24.9811671844
1.5740000000	2.9341648263E-7	-25.0146167029
1.5730000000	2.9337751772E-7	-25.0117022131
1.5720000000	2.9316031219E-7	-24.9877300114
1.5710000000	2.9296139824E-7	-25.0121201826
1.5700000000	2.9277481132E-7	-25.0416855079
1.5690000000	2.9280281937E-7	-25.0265989187
1.5680000000	2.9268544320E-7	-25.0310612987
1.5670000000	2.9250365526E-7	-25.0223960916
1.5660000000	2.9263289167E-7	-25.0358661538
1.5650000000	2.9255579775E-7	-25.0303813520
1.5640000000	2.9226890134E-7	-25.0313301955
1.5630000000	2.9227064415E-7	-25.0186225578
1.5620000000	2.9222944906E-7	-25.0286670912
1.5610000000	2.9208109411E-7	-25.0738716400
1.5600000000	2.9186414827E-7	-25.0370190602
1.5590000000	2.9189042353E-7	-25.0346099854
1.5580000000	2.9197808236E-7	-25.0579824897
1.5570000000	2.9188698850E-7	-25.0600587062
1.5560000000	2.9154925972E-7	-25.0531277856
1.5550000000	2.9154925972E-7	-25.0531277856
1.5540000000	2.9169553191E-7	-25.0334114535
1.5530000000	2.9151070821E-7	-25.0503778357
1.5520000000	2.9133819811E-7	-25.0725318159
1.5510000000	2.9130134119E-7	-25.0570322932
1.5500000000	2.9138106160E-7	-25.0497037423
1.5490000000	2.9127169197E-7	-25.0849510354
1.5480000000	2.9119290013E-7	-25.0922085444
1.5470000000	2.9138947055E-7	-25.0806233892
1.5460000000	2.9132422246E-7	-25.0801148771
1.5450000000	2.9115433909E-7	-25.0894604039
1.5440000000	2.9111320740E-7	-25.0995534695
1.5430000000	2.9113946925E-7	-25.0971325386
1.5420000000	2.9115601616E-7	-25.0767037778
1.5410000000	2.9097293004E-7	-25.0809644340
1.5400000000	2.9084070301E-7	-25.0931566381
1.5390000000	2.9107341459E-7	-25.1097440975
1.5380000000	2.9123188597E-7	-25.0951341225
1.5370000000	2.9128275039E-7	-25.1030465474
1.5360000000	2.9128110312E-7	-25.1157977729
1.5350000000	2.9141075360E-7	-25.1164426923
1.5340000000	2.9147557885E-7	-25.1167649368
1.5330000000	2.9160778035E-7	-25.1045885725
1.5320000000	2.9177477790E-7	-25.1208858080
1.5310000000	2.9216343544E-7	-25.1356159311
1.5300000000	2.9245407011E-7	-25.1089033453
1.5290000000	2.9252956785E-7	-25.1270662245
1.5280000000	2.9282464887E-7	-25.1566131724
1.5270000000	2.9309878295E-7	-25.1502352234
1.5260000000	2.9333477189E-7	-25.1413250906
1.5250000000	2.9365980702E-7	-25.1428139724
1.5240000000	2.9414047409E-7	-25.1552467720
1.5230000000	2.9458326198E-7	-25.1524067967
1.5220000000	2.9483275733E-7	-25.1358676879
1.5210000000	2.9523376043E-7	-25.1555199523
1.5200000000	2.9594593208E-7	-25.1840286379
1.5190000000	2.9641860296E-7	-25.1534594602
1.5180000000	2.9679656509E-7	-25.1503349478
1.5170000000	2.9736516466E-7	-25.1855357034
1.5160000000	2.9815809626E-7	-25.1943629693
1.5150000000	2.9870789733E-7	-25.1693426338
1.5140000000	2.9915158669E-7	-25.1664437081
1.5130000000	2.9993017090E-7	-25.1824662421
1.5120000000	3.0072245709E-7	-25.2034965774
1.5110000000	3.0144047403E-7	-25.1819122599
1.5100000000	3.0215623334E-7	-25.1853589801
1.5090000000	3.0299794493E-7	-25.2260737367
1.5080000000	3.0405527692E-7	-25.1988669900
1.5070000000	3.0485024148E-7	-25.1950315594
1.5060000000	3.0572083761E-7	-25.2085749248
1.5050000000	3.0674776851E-7	-25.2204698917
1.5040000000	3.0778558014E-7	-25.2492370113
1.5030000000	3.0862213379E-7	-25.2238206851
1.5020000000	3.0940230825E-7	-25.2272032851
1.5010000000	3.1058350131E-7	-25.2611752277
1.5000000000	3.1178367041E-7	-25.2398073836
1.4990000000	3.1276225778E-7	-25.2201076094
1.4980000000	3.1372138121E-7	-25.2551019077
1.4970000000	3.1498278652E-7	-25.2699503662
1.4960000000	3.1615670835E-7	-25.2510882775
1.4950000000	3.1710648165E-7	-25.2574491972
1.4940000000	3.1809591194E-7	-25.2544266938
1.4930000000	3.1922723053E-7	-25.2683856481
1.4920000000	3.2035912193E-7	-25.2707276898
1.4910000000	3.2124659317E-7	-25.2534007934
1.4900000000	3.2231161846E-7	-25.2784902343
1.4890000000	3.2358268825E-7	-25.3088908025
1.4880000000	3.2460210578E-7	-25.2806218110
1.4870000000	3.2551474459E-7	-25.2728854742
1.4860000000	3.2656652190E-7	-25.2930583587
1.4850000000	3.2773793382E-7	-25.2976055012
1.4840000000	3.2869970383E-7	-25.3080202941
1.4830000000	3.2949606137E-7	-25.2929351090
1.4820000000	3.3052308416E-7	-25.3037123263
1.4810000000	3.3169077756E-7	-25.3306388536
1.4800000000	3.3251190597E-7	-25.3246695212
1.4790000000	3.3338688914E-7	-25.3033250330
1.4780000000	3.3454211037E-7	-25.3367180809
1.4770000000	3.3567263495E-7	-25.3497888389
1.4760000000	3.3642988117E-7	-25.3324130304
1.4750000000	3.3712044296E-7	-25.3261195327
1.4740000000	3.3809370199E-7	-25.3517459069
1.4730000000	3.3904353538E-7	-25.3574132737
1.4720000000	3.3981133026E-7	-25.3557678460
1.4710000000	3.4047795269E-7	-25.3405969558
1.4700000000	3.4151744416E-7	-25.3552810321
1.4690000000	3.4231891826E-7	-25.3995162429
1.4680000000	3.4293174019E-7	-25.3884460973
1.4670000000	3.4365071699E-7	-25.3692057791
1.4660000000	3.4448242142E-7	-25.3787148643
1.4650000000	3.4509301046E-7	-25.3894291293
1.4640000000	3.4570361152E-7	-25.4001055465
1.4630000000	3.4647139894E-7	-25.3983971407
1.4620000000	3.4732001971E-7	-25.3797750980
1.4610000000	3.4791553185E-7	-25.4074391943
1.4600000000	3.4838184033E-7	-25.4239960624
1.4590000000	3.4903723167E-7	-25.3941248687
1.4580000000	3.4999952936E-7	-25.4037884972
1.4570000000	3.5060539045E-7	-25.4461455219
1.4560000000	3.5104900155E-7	-25.4433253401
1.4550000000	3.5173949042E-7	-25.4370756742
1.4540000000	3.5242998346E-7	-25.4308504974
1.4530000000	3.5285986259E-7	-25.4343387317
1.4520000000	3.5335114643E-7	-25.4591204179
1.4510000000	3.5418465957E-7	-25.4574542159
1.4500000000	3.5490132477E-7	-25.4492203110
1.4490000000	3.5525050790E-7	-25.4692182337
1.4480000000	3.5575558078E-7	-25.4875591391
1.4470000000	3.5648682812E-7	-25.4730191168
1.4460000000	3.5712493349E-7	-25.4708083651
1.4450000000	3.5749912808E-7	-25.4990514934
1.4440000000	3.5821334812E-7	-25.5115509739
1.4430000000	3.5902187674E-7	-25.5014318497
1.4420000000	3.5959514046E-7	-25.4989940742
1.4410000000	3.5976590037E-7	-25.4809077657
1.4400000000	3.6042578106E-7	-25.5180895921
1.4390000000	3.6130969849E-7	-25.5330639217
1.4380000000	3.6179388007E-7	-25.5117071061
1.4370000000	3.6223613795E-7	-25.5088191076
1.4360000000	3.6296025127E-7	-25.5562563693
1.4350000000	3.6356991198E-7	-25.5763455490
1.4340000000	3.6423598995E-7	-25.5514876321
1.4330000000	3.6460017522E-7	-25.5546088229
1.4320000000	3.6521324668E-7	-25.5440953964
1.4310000000	3.6613475007E-7	-25.5710933177
1.4300000000	3.6655014045E-7	-25.5803998540
1.4290000000	3.6705923776E-7	-25.5674530066
1.4280000000	3.6800919024E-7	-25.5721175246
1.4270000000	3.6871959203E-7	-25.6245594050
1.4260000000	3.6887648632E-7	-25.6128711634
1.4250000000	3.6949216122E-7	-25.5820678886
1.4240000000	3.7025813742E-7	-25.6002977852
1.4230000000	3.7101011029E-7	-25.6242878208
1.4220000000	3.7141497710E-7	-25.6193105739
1.4210000000	3.7208961450E-7	-25.6390012640
1.4200000000	3.7301513187E-7	-25.6252916215
1.4190000000	3.7366574028E-7	-25.6269280310
1.4180000000	3.7414335566E-7	-25.6660716273
1.4170000000	3.7493620993E-7	-25.6719370508
1.4160000000	3.7587720123E-7	-25.6424020229
1.4150000000	3.7681257587E-7	-25.6625109346
1.4140000000	3.7744714222E-7	-25.6898282707
1.4130000000	3.7843731922E-7	-25.6860916916
1.4120000000	3.7969796444E-7	-25.6969066922
1.4110000000	3.8054498833E-7	-25.6890073341
1.4100000000	3.8134018294E-7	-25.6850549690
1.4090000000	3.8267668736E-7	-25.7290448171
1.4080000000	3.8391361630E-7	-25.7219262965
1.4070000000	3.8487868573E-7	-25.7008031669
1.4060000000	3.8576194108E-7	-25.7240398288
1.4050000000	3.8673439719E-7	-25.7551115745
1.4040000000	3.8778799977E-7	-25.7707270142
1.4030000000	3.8860884876E-7	-25.7551938809
1.4020000000	3.8962372760E-7	-25.7687476730
1.4010000000	3.9090069230E-7	-25.7542389755
1.4000000000	3.9176969073E-7	-25.7827251452
1.3990000000	3.9231587815E-7	-25.7913914199
1.3980000000	3.9291562027E-7	-25.7773109946
1.3970000000	3.9363064501E-7	-25.7883118834
1.3960000000	3.9423790169E-7	-25.8443037627
1.3950000000	3.9460423424E-7	-25.8185423770
1.3940000000	3.9496891978E-7	-25.8116407097
1.3930000000	3.9559221182E-7	-25.8336215246
1.3920000000	3.9566770439E-7	-25.8658197996
1.3910000000	3.9566887238E-7	-25.8469105448
1.3900000000	3.9608454390E-7	-25.8552337744
1.3890000000	3.9658103278E-7	-25.8392576935
1.3880000000	3.9670829858E-7	-25.8675894292
1.3870000000	3.9670492133E-7	-25.9145441860
1.3860000000	3.9703228445E-7	-25.8869403497
1.3850000000	3.9741078471E-7	-25.8745611462
1.3840000000	3.9776011919E-7	-25.9013881094
1.3830000000	3.9800381624E-7	-25.9541385952
1.3820000000	3.9860371934E-7	-25.9401435332
1.3810000000	3.9905895086E-7	-25.9409206462
1.3800000000	3.9912450450E-7	-25.9317137234
1.3790000000	3.9952803797E-7	-25.9359451749
1.3780000000	4.0008523310E-7	-25.9667320807
1.3770000000	4.0042304301E-7	-25.9708845421
1.3760000000	4.0025595799E-7	-25.9502137289
1.3750000000	4.0008389982E-7	-25.9853041751
1.3740000000	4.0034178916E-7	-26.0136487287
1.3730000000	4.0023816546E-7	-26.0116492823
1.3720000000	3.9991324564E-7	-26.0018446094
1.3710000000	4.0008304700E-7	-26.0040051030
1.3700000000	4.0026422811E-7	-26.0098287566
1.3690000000	4.0010634898E-7	-26.0301039035
1.3680000000	3.9974125522E-7	-26.0464102433
1.3670000000	3.9949446643E-7	-26.0311446639
1.3660000000	3.9948113713E-7	-26.0367074278
1.3650000000	3.9908875836E-7	-26.0829309361
1.3640000000	3.9863261666E-7	-26.0823792493
1.3630000000	3.9882859718E-7	-26.0732360669
1.3620000000	3.9891883337E-7	-26.0902410001
1.3610000000	3.9869691942E-7	-26.0917762810
1.3600000000	3.9846163632E-7	-26.1083455284
1.3590000000	3.9839621994E-7	-26.1270515275
1.3580000000	3.9817431290E-7	-26.1286093388
1.3570000000	3.9799304786E-7	-26.1228091897
1.3560000000	3.9769160893E-7	-26.1487623407
1.3550000000	3.9775467145E-7	-26.1956629596
1.3540000000	3.9758702115E-7	-26.1749480239
1.3530000000	3.9705324893E-7	-26.1611937899
1.3520000000	3.9696192789E-7	-26.1818215635
1.3510000000	3.9715603323E-7	-26.1913640838
1.3500000000	3.9699860387E-7	-26.2118700487
1.3490000000	3.9660863827E-7	-26.2115873864
1.3480000000	3.9644012221E-7	-26.2095627190
1.3470000000	3.9650456997E-7	-26.2189910613
1.3460000000	3.9641143941E-7	-26.2678418967
1.3450000000	3.9608566527E-7	-26.2864229647
1.3440000000	3.9611222434E-7	-26.2562969435
1.3430000000	3.9605986945E-7	-26.2693895805
1.3420000000	3.9579878139E-7	-26.3069375806
1.3410000000	3.9560290584E-7	-26.3067450082
1.3400000000	3.9579849458E-7	-26.3163245865
1.3390000000	3.9586333994E-7	-26.3163653300
1.3380000000	3.9556376816E-7	-26.3142336621
1.3370000000	3.9523809825E-7	-26.3328928109
1.3360000000	3.9538037075E-7	-26.3650560889
1.3350000000	3.9543255751E-7	-26.3708495872
1.3340000000	3.9506814810E-7	-26.3497859470
1.3330000000	3.9489845741E-7	-26.3762320576
1.3320000000	3.9527531889E-7	-26.4292441112
1.3310000000	3.9530100438E-7	-26.4178445627
1.3300000000	3.9506638139E-7	-26.4347501416
1.3290000000	3.9509234942E-7	-26.4328779252
1.3280000000	3.9517025603E-7	-26.4272627524
1.3270000000	3.9509251697E-7	-26.4518154826
1.3260000000	3.9481887670E-7	-26.4856793610
1.3250000000	3.9467512122E-7	-26.4629923317
1.3240000000	3.9489696130E-7	-26.4612328423
1.3230000000	3.9492290465E-7	-26.5065274575
1.3220000000	3.9485701323E-7	-26.5348110431
1.3210000000	3.9502653823E-7	-26.5272347979
1.3200000000	3.9524740161E-7	-26.5443059308
1.3190000000	3.9498712315E-7	-26.5443571323
1.3180000000	3.9485701323E-7	-26.5348110431
1.3170000000	3.9496115900E-7	-26.5650511771
1.3160000000	3.9526084682E-7	-26.5951955884
1.3150000000	3.9490931289E-7	-26.5876309469
1.3140000000	3.9447953608E-7	-26.5859017596
1.3130000000	3.9494870654E-7	-26.5990472104
1.3120000000	3.9511809842E-7	-26.6480593450
1.3110000000	3.9490975611E-7	-26.6538129643
1.3100000000	3.9490975611E-7	-26.6538129643
1.3090000000	3.9493577824E-7	-26.6613332110
1.3080000000	3.9488374079E-7	-26.6462917266
1.3070000000	3.9449342037E-7	-26.6557253213
1.3060000000	3.9423305496E-7	-26.6843183643
1.3050000000	3.9431220408E-7	-26.7353059681
1.3040000000	3.9398626848E-7	-26.7165211469
1.3030000000	3.9344008756E-7	-26.7091115725
1.3020000000	3.9333679753E-7	-26.7546851095
1.3010000000	3.9338926810E-7	-26.7792159034
1.3000000000	3.9289415778E-7	-26.7775944753
