2.3000000000	8.0497751645E-10	-49.3986513135
2.2990000000	8.0497751645E-10	-49.3986513135
2.2980000000	8.2421376986E-10	-47.8624052261
2.2970000000	8.2421376986E-10	-47.8624052261
2.2960000000	8.2421376986E-10	-47.8624052261
2.2950000000	8.2421376986E-10	-47.8624052261
2.2940000000	8.2421376986E-10	-47.8624052261
2.2930000000	8.2421376986E-10	-47.8624052261
2.2920000000	8.2421376986E-10	-47.8624052261
2.2910000000	8.2421376986E-10	-47.8624052261
2.2900000000	8.0497751645E-10	-49.3986513135
2.2890000000	8.0497751645E-10	-49.3986513135
2.2880000000	8.0497751645E-10	-49.3986513135
2.2870000000	8.0497751645E-10	-49.3986513135
2.2860000000	8.0497751645E-10	-49.3986513135
2.2850000000	8.2421376986E-10	-47.8624052261
2.2840000000	8.2421376986E-10	-47.8624052261
2.2830000000	8.2421376986E-10	-47.8624052261
2.2820000000	8.2421376986E-10	-47.8624052261
2.2810000000	8.0497751645E-10	-49.3986513135
2.2800000000	8.0497751645E-10	-49.3986513135
2.2790000000	8.2421376986E-10	-47.8624052261
2.2780000000	8.0497751645E-10	-49.3986513135
2.2770000000	8.0497751645E-10	-49.3986513135
2.2760000000	8.0497751645E-10	-49.3986513135
2.2750000000	8.0497751645E-10	-49.3986513135
2.2740000000	8.2421376986E-10	-47.8624052261
2.2730000000	8.2421376986E-10	-47.8624052261
2.2720000000	8.0497751645E-10	-49.3986513135
2.2710000000	8.2421376986E-10	-47.8624052261
2.2700000000	8.0497751645E-10	-49.3986513135
2.2690000000	8.0497751645E-10	-49.3986513135
2.2680000000	8.0497751645E-10	-49.3986513135
2.2670000000	8.0497751645E-10	-49.3986513135
2.2660000000	8.2421376986E-10	-47.8624052261
2.2650000000	8.0497751645E-10	-49.3986513135
2.2640000000	8.0497751645E-10	-49.3986513135
2.2630000000	8.0497751645E-10	-49.3986513135
2.2620000000	8.0497751645E-10	-49.3986513135
2.2610000000	7.8310921750E-10	-48.0127331215
2.2600000000	8.0497751645E-10	-49.3986513135
2.2590000000	8.0497751645E-10	-49.3986513135
2.2580000000	8.0497751645E-10	-49.3986513135
2.2570000000	8.0497751645E-10	-49.3986513135
2.2560000000	8.0497751645E-10	-49.3986513135
2.2550000000	8.0497751645E-10	-49.3986513135
2.2540000000	8.0497751645E-10	-49.3986513135
2.2530000000	8.0497751645E-10	-49.3986513135
2.2520000000	8.0497751645E-10	-49.3986513135
2.2510000000	8.0497751645E-10	-49.3986513135
2.2500000000	8.2421376986E-10	-47.8624052261
2.2490000000	8.2421376986E-10	-47.8624052261
2.2480000000	8.0497751645E-10	-49.3986513135
2.2470000000	8.0497751645E-10	-49.3986513135
2.2460000000	8.0497751645E-10	-49.3986513135
2.2450000000	8.0497751645E-10	-49.3986513135
2.2440000000	8.0497751645E-10	-49.3986513135
2.2430000000	8.2421376986E-10	-47.8624052261
2.2420000000	8.0497751645E-10	-49.3986513135
2.2410000000	8.0497751645E-10	-49.3986513135
2.2400000000	8.0497751645E-10	-49.3986513135
2.2390000000	8.0497751645E-10	-49.3986513135
2.2380000000	8.0497751645E-10	-49.3986513135
2.2370000000	8.0497751645E-10	-49.3986513135
2.2360000000	8.0497751645E-10	-49.3986513135
2.2350000000	8.0497751645E-10	-49.3986513135
2.2340000000	8.0497751645E-10	-49.3986513135
2.2330000000	8.0497751645E-10	-49.3986513135
2.2320000000	8.0497751645E-10	-49.3986513135
2.2310000000	8.0497751645E-10	-49.3986513135
2.2300000000	8.0497751645E-10	-49.3986513135
2.2290000000	8.0497751645E-10	-49.3986513135
2.2280000000	8.0497751645E-10	-49.3986513135
2.2270000000	8.0497751645E-10	-49.3986513135
2.2260000000	8.0497751645E-10	-49.3986513135
2.2250000000	7.8310921750E-10	-48.0127331215
2.2240000000	8.0497751645E-10	-49.3986513135
2.2230000000	8.0497751645E-10	-49.3986513135
2.2220000000	8.0497751645E-10	-49.3986513135
2.2210000000	8.0497751645E-10	-49.3986513135
2.2200000000	8.0497751645E-10	-49.3986513135
2.2190000000	8.0497751645E-10	-49.3986513135
2.2180000000	8.0497751645E-10	-49.3986513135
2.2170000000	7.8310921750E-10	-48.0127331215
2.2160000000	8.0497751645E-10	-49.3986513135
2.2150000000	8.0497751645E-10	-49.3986513135
2.2140000000	8.0497751645E-10	-49.3986513135
2.2130000000	8.2421376986E-10	-47.8624052261
2.2120000000	8.0497751645E-10	-49.3986513135
2.2110000000	8.0497751645E-10	-49.3986513135
2.2100000000	8.0497751645E-10	-49.3986513135
2.2090000000	8.0497751645E-10	-49.3986513135
2.2080000000	7.8310921750E-10	-48.0127331215
2.2070000000	7.8310921750E-10	-48.0127331215
2.2060000000	8.0497751645E-10	-49.3986513135
2.2050000000	8.0497751645E-10	-49.3986513135
2.2040000000	8.0497751645E-10	-49.3986513135
2.2030000000	8.0497751645E-10	-49.3986513135
2.2020000000	8.0497751645E-10	-49.3986513135
2.2010000000	7.8310921750E-10	-48.0127331215
2.2000000000	7.8634740746E-10	-51.0089493250
2.1990000000	8.0497751645E-10	-49.3986513135
2.1980000000	8.0497751645E-10	-49.3986513135
2.1970000000	8.0497751645E-10	-49.3986513135
2.1960000000	8.0497751645E-10	-49.3986513135
2.1950000000	7.8310921750E-10	-48.0127331215
2.1940000000	7.8310921750E-10	-48.0127331215
2.1930000000	7.8310921750E-10	-48.0127331215
2.1920000000	7.8634740746E-10	-51.0089493250
2.1910000000	8.0497751645E-10	-49.3986513135
2.1900000000	7.8310921750E-10	-48.0127331215
2.1890000000	7.8310921750E-10	-48.0127331215
2.1880000000	7.8310921750E-10	-48.0127331215
2.1870000000	7.8310921750E-10	-48.0127331215
2.1860000000	7.8310921750E-10	-48.0127331215
2.1850000000	7.8310921750E-10	-48.0127331215
2.1840000000	8.0497751645E-10	-49.3986513135
2.1830000000	7.8634740746E-10	-51.0089493250
2.1820000000	8.0497751645E-10	-49.3986513135
2.1810000000	8.0497751645E-10	-49.3986513135
2.1800000000	8.0497751645E-10	-49.3986513135
2.1790000000	8.0497751645E-10	-49.3986513135
2.1780000000	8.0497751645E-10	-49.3986513135
2.1770000000	8.0497751645E-10	-49.3986513135
2.1760000000	8.0497751645E-10	-49.3986513135
2.1750000000	7.8310921750E-10	-48.0127331215
2.1740000000	8.0497751645E-10	-49.3986513135
2.1730000000	8.0497751645E-10	-49.3986513135
2.1720000000	7.8634740746E-10	-51.0089493250
2.1710000000	7.8634740746E-10	-51.0089493250
2.1700000000	8.0497751645E-10	-49.3986513135
2.1690000000	8.0497751645E-10	-49.3986513135
2.1680000000	7.8310921750E-10	-48.0127331215
2.1670000000	7.6394599924E-10	-49.6354062816
2.1660000000	7.8310921750E-10	-48.0127331215
2.1650000000	7.6394599924E-10	-49.6354062816
2.1640000000	7.6394599924E-10	-49.6354062816
2.1630000000	7.8634740746E-10	-51.0089493250
2.1620000000	7.8310921750E-10	-48.0127331215
2.1610000000	7.8310921750E-10	-48.0127331215
2.1600000000	7.8310921750E-10	-48.0127331215
2.1590000000	7.8310921750E-10	-48.0127331215
2.1580000000	8.0497751645E-10	-49.3986513135
2.1570000000	8.0497751645E-10	-49.3986513135
2.1560000000	8.0497751645E-10	-49.3986513135
2.1550000000	7.8310921750E-10	-48.0127331215
2.1540000000	8.0497751645E-10	-49.3986513135
2.1530000000	7.8310921750E-10	-48.0127331215
2.1520000000	7.8310921750E-10	-48.0127331215
2.1510000000	8.0497751645E-10	-49.3986513135
2.1500000000	8.0497751645E-10	-49.3986513135
2.1490000000	8.0497751645E-10	-49.3986513135
2.1480000000	7.8310921750E-10	-48.0127331215
2.1470000000	7.8310921750E-10	-48.0127331215
2.1460000000	7.6394599924E-10	-49.6354062816
2.1450000000	7.8634740746E-10	-51.0089493250
2.1440000000	8.0497751645E-10	-49.3986513135
2.1430000000	8.0497751645E-10	-49.3986513135
2.1420000000	7.8634740746E-10	-51.0089493250
2.1410000000	7.6394599924E-10	-49.6354062816
2.1400000000	7.8310921750E-10	-48.0127331215
2.1390000000	7.8310921750E-10	-48.0127331215
2.1380000000	7.8310921750E-10	-48.0127331215
2.1370000000	7.6394599924E-10	-49.6354062816
2.1360000000	7.6394599924E-10	-49.6354062816
2.1350000000	7.6394599924E-10	-49.6354062816
2.1340000000	7.8310921750E-10	-48.0127331215
2.1330000000	8.0497751645E-10	-49.3986513135
2.1320000000	7.8634740746E-10	-51.0089493250
2.1310000000	7.6394599924E-10	-49.6354062816
2.1300000000	7.8310921750E-10	-48.0127331215
2.1290000000	7.6394599924E-10	-49.6354062816
2.1280000000	7.8634740746E-10	-51.0089493250
2.1270000000	7.8634740746E-10	-51.0089493250
2.1260000000	7.8310921750E-10	-48.0127331215
2.1250000000	7.6394599924E-10	-49.6354062816
2.1240000000	7.6394599924E-10	-49.6354062816
2.1230000000	7.8634740746E-10	-51.0089493250
2.1220000000	7.6394599924E-10	-49.6354062816
2.1210000000	7.8310921750E-10	-48.0127331215
2.1200000000	7.6394599924E-10	-49.6354062816
2.1190000000	7.6394599924E-10	-49.6354062816
2.1180000000	7.6394599924E-10	-49.6354062816
2.1170000000	7.6394599924E-10	-49.6354062816
2.1160000000	7.6394599924E-10	-49.6354062816
2.1150000000	7.8634740746E-10	-51.0089493250
2.1140000000	7.6394599924E-10	-49.6354062816
2.1130000000	7.6394599924E-10	-49.6354062816
2.1120000000	7.6394599924E-10	-49.6354062816
2.1110000000	7.6394599924E-10	-49.6354062816
2.1100000000	7.8634740746E-10	-51.0089493250
2.1090000000	7.6394599924E-10	-49.6354062816
2.1080000000	7.4542673592E-10	-51.3401317259
2.1070000000	7.6394599924E-10	-49.6354062816
2.1060000000	7.6394599924E-10	-49.6354062816
2.1050000000	7.8634740746E-10	-51.0089493250
2.1040000000	7.4542673592E-10	-51.3401317259
2.1030000000	7.6394599924E-10	-49.6354062816
2.1020000000	7.6394599924E-10	-49.6354062816
2.1010000000	7.4200998641E-10	-48.1797725746
2.1000000000	7.6394599924E-10	-49.6354062816
2.0990000000	7.6394599924E-10	-49.6354062816
2.0980000000	7.4200998641E-10	-48.1797725746
2.0970000000	7.4542673592E-10	-51.3401317259
2.0960000000	7.6394599924E-10	-49.6354062816
2.0950000000	7.2292900675E-10	-49.8990318307
2.0940000000	7.2759940000E-10	-53.1301653512
2.0930000000	7.4542673592E-10	-51.3401317259
2.0920000000	7.0453262313E-10	-51.7099006380
2.0910000000	7.2759940000E-10	-53.1301653512
2.0900000000	7.4542673592E-10	-51.3401317259
2.0890000000	7.2759940000E-10	-53.1301653512
2.0880000000	7.2759940000E-10	-53.1301653512
2.0870000000	7.0453262313E-10	-51.7099006380
2.0860000000	7.0453262313E-10	-51.7099006380
2.0850000000	7.0453262313E-10	-51.7099006380
2.0840000000	7.0453262313E-10	-51.7099006380
2.0830000000	7.2759940000E-10	-53.1301653512
2.0820000000	6.8192864774E-10	-50.1945472423
2.0810000000	7.0453262313E-10	-51.7099006380
2.0800000000	7.0453262313E-10	-51.7099006380
2.0790000000	6.8687847077E-10	-53.6157153377
2.0780000000	6.8687847077E-10	-53.6157153377
2.0770000000	6.6367348685E-10	-52.1251374970
2.0760000000	6.6367348685E-10	-52.1251374970
2.0750000000	6.6367348685E-10	-52.1251374970
2.0740000000	6.6367348685E-10	-52.1251374970
2.0730000000	6.7002439693E-10	-55.6196552762
2.0720000000	6.4621448145E-10	-54.1623989575
2.0710000000	6.4621448145E-10	-54.1623989575
2.0700000000	6.4621448145E-10	-54.1623989575
2.0690000000	6.0561582613E-10	-54.7824615903
2.0680000000	6.2961661798E-10	-56.3099829523
2.0670000000	6.2961661798E-10	-56.3099829523
2.0660000000	5.8931192428E-10	-57.0948098946
2.0650000000	5.8931192428E-10	-57.0948098946
2.0640000000	5.8931192428E-10	-57.0948098946
2.0630000000	5.8931192428E-10	-57.0948098946
2.0620000000	5.6509828611E-10	-55.4915344532
2.0610000000	5.4913402173E-10	-57.9946720912
2.0600000000	5.4913402173E-10	-57.9946720912
2.0590000000	5.3427929056E-10	-60.6422990325
2.0580000000	5.4913402173E-10	-57.9946720912
2.0570000000	5.3427929056E-10	-60.6422990325
2.0560000000	5.3427929056E-10	-60.6422990325
2.0550000000	5.2062907376E-10	-63.4349980393
2.0540000000	5.0828042477E-10	-66.3706674515
2.0530000000	5.0828042477E-10	-66.3706674515
2.0520000000	4.4329800180E-10	-66.8013585727
2.0510000000	4.4329800180E-10	-66.8013585727
2.0500000000	4.6017369642E-10	-71.5650118039
2.0490000000	4.3266112308E-10	-70.3461314021
2.0480000000	4.2375967491E-10	-74.0545669545
2.0470000000	3.9585719769E-10	-72.8972710309
2.0460000000	3.5999657413E-10	-75.9637719725
2.0450000000	3.8280336834E-10	-81.2538229441
2.0440000000	3.7946974127E-10	-85.6012795906
2.0430000000	3.7835200000E-10	90.0000000000
2.0420000000	3.4924800000E-10	90.0000000000
2.0410000000	3.2146419610E-10	84.8055533421
2.0400000000	3.2539262997E-10	79.6951362071
2.0390000000	2.9680374746E-10	78.6900485966
2.0380000000	3.0385465190E-10	73.3007738271
2.0370000000	2.8664115746E-10	66.0375110254
2.0360000000	2.9964401962E-10	60.9453959009
2.0350000000	3.0937976373E-10	48.8140748343
2.0340000000	3.2927417215E-10	45.0000000000
2.0330000000	3.3183665572E-10	37.8749836511
2.0320000000	3.3940804790E-10	30.9637565321
2.0310000000	3.9047113450E-10	26.5650511771
2.0300000000	4.0537181242E-10	21.0375110254
2.0290000000	4.6017369642E-10	18.4349881961
2.0280000000	4.7999643465E-10	14.0362145172
2.0270000000	5.0828048203E-10	13.2404940968
2.0260000000	5.5603114974E-10	6.0090162053
2.0250000000	6.1394956207E-10	5.4403413213
2.0240000000	6.4292838314E-10	5.1944377828
2.0230000000	6.9849500000E-10	0.0000000000
2.0220000000	7.5726249006E-10	-2.2026086303
2.0210000000	8.1698722195E-10	-4.0856287718
2.0200000000	8.4851911476E-10	-5.9061413454
2.0190000000	9.3857778258E-10	-7.1250012054
2.0180000000	1.0001797562E-9	-8.3658777893
2.0170000000	1.0909167997E-9	-9.2110097267
2.0160000000	1.1245579134E-9	-10.4374938114
2.0150000000	1.2157632038E-9	-11.0409762819
2.0140000000	1.3070943365E-9	-11.5600956572
2.0130000000	1.3765260873E-9	-13.4486537737
2.0120000000	1.4899997385E-9	-12.4074185274
2.0110000000	1.5599871999E-9	-14.0362256521
2.0100000000	1.6235693915E-9	-14.5344740587
2.0090000000	1.7510822862E-9	-15.4222102633
2.0080000000	1.8510199987E-9	-16.4404442514
2.0070000000	1.9709232238E-9	-16.2940474566
2.0060000000	2.0991266742E-9	-16.9274812751
2.0050000000	2.1998099895E-9	-17.7157768551
2.0040000000	2.3285072800E-9	-18.2084149634
2.0030000000	2.4573495200E-9	-18.6495166622
2.0020000000	2.5863323429E-9	-19.0465744394
2.0010000000	2.7428910669E-9	-19.2039065686
2.0000000000	2.8994604604E-9	-19.3444058366
1.9990000000	3.0286325703E-9	-19.6538367837
1.9980000000	3.1578777498E-9	-19.9380753533
1.9970000000	3.3145293147E-9	-20.0262014155
1.9960000000	3.4540667493E-9	-20.7256133758
1.9950000000	3.6379939200E-9	-20.6097962528
1.9940000000	3.8219403884E-9	-20.5049338127
1.9930000000	3.9889524678E-9	-20.9473490198
1.9920000000	4.1832931802E-9	-21.2092318515
1.9910000000	4.3671497783E-9	-21.0922660615
1.9900000000	4.5992619631E-9	-21.5320687868
1.9890000000	4.7667522520E-9	-21.8663170859
1.9880000000	4.9883492988E-9	-21.9255859587
1.9870000000	5.2099382135E-9	-21.9797521390
1.9860000000	5.4694583973E-9	-22.1977997879
1.9850000000	5.7180321016E-9	-22.1263643902
1.9840000000	5.9775952581E-9	-22.3194226590
1.9830000000	6.2372244588E-9	-22.4964955041
1.9820000000	6.4857494033E-9	-22.4221029622
1.9810000000	6.7454091744E-9	-22.5818835159
1.9800000000	7.0319626650E-9	-22.6381287958
1.9790000000	7.3679560770E-9	-23.0202782709
1.9780000000	7.6545651757E-9	-23.0555755757
1.9770000000	7.9679411601E-9	-23.0062289413
1.9760000000	8.2927584673E-9	-23.1456999451
1.9750000000	8.6710970682E-9	-23.1227509484
1.9740000000	9.0608890572E-9	-23.2710595817
1.9730000000	9.4124833830E-9	-23.3149432479
1.9720000000	9.7640880489E-9	-23.3555893466
1.9710000000	1.0127277269E-8	-23.5445347985
1.9700000000	1.0478896699E-8	-23.5747262475
1.9690000000	1.0830518849E-8	-23.6029573210
1.9680000000	1.1182143464E-8	-23.6294129376
1.9670000000	1.1587159076E-8	-23.5386721078
1.9660000000	1.2003722021E-8	-23.5816740592
1.9650000000	1.2470438715E-8	-23.8130723557
1.9640000000	1.2913660162E-8	-23.7920629656
1.9630000000	1.3356978778E-8	-23.7723142285
1.9620000000	1.3838567881E-8	-23.8157077263
1.9610000000	1.4346878541E-8	-23.8090557144
1.9600000000	1.4866866297E-8	-23.9056242696
1.9590000000	1.5386984788E-8	-23.9955142292
1.9580000000	1.5960291778E-8	-23.9942805495
1.9570000000	1.6507017425E-8	-24.0342041955
1.9560000000	1.7053750573E-8	-24.0715680018
1.9550000000	1.7626965326E-8	-24.0681099448
1.9540000000	1.8173708625E-8	-24.1021799741
1.9530000000	1.8773589862E-8	-24.0616620813
1.9520000000	1.9450350727E-8	-24.1104215857
1.9510000000	2.0115142630E-8	-24.0803884996
1.9500000000	2.0765353441E-8	-24.1582108177
1.9490000000	2.1403669329E-8	-24.1602479103
1.9480000000	2.2080455992E-8	-24.2001777792
1.9470000000	2.2745226655E-8	-24.1709711855
1.9460000000	2.3525514365E-8	-24.2504213319
1.9450000000	2.4385429100E-8	-24.2403226287
1.9440000000	2.5076813238E-8	-24.1853134453
1.9430000000	2.5765581476E-8	-24.2780263647
1.9420000000	2.6430414625E-8	-24.2507856325
1.9410000000	2.7068718576E-8	-24.2501554607
1.9400000000	2.7810569512E-8	-24.2851976631
1.9390000000	2.8578818520E-8	-24.2942936693
1.9380000000	2.9412219491E-8	-24.3080141087
1.9370000000	3.0272100728E-8	-24.2981224572
1.9360000000	3.1052431040E-8	-24.3550351676
1.9350000000	3.1965383057E-8	-24.3015456051
1.9340000000	3.2798925892E-8	-24.3133620599
1.9330000000	3.3709347961E-8	-24.3742818163
1.9320000000	3.4569222687E-8	-24.3639713968
1.9310000000	3.5455652219E-8	-24.3349166415
1.9300000000	3.6327568948E-8	-24.3679994332
1.9290000000	3.7095914596E-8	-24.3732284864
1.9280000000	3.7955830637E-8	-24.3639993769
1.9270000000	3.8880727640E-8	-24.3587423948
1.9260000000	3.9791174256E-8	-24.4093126568
1.9250000000	4.0769075723E-8	-24.3694701299
1.9240000000	4.1732529425E-8	-24.3844837734
1.9230000000	4.2749044743E-8	-24.3664199041
1.9220000000	4.3777520181E-8	-24.3840665175
1.9210000000	4.4752963269E-8	-24.4315685566
1.9200000000	4.5718882458E-8	-24.3624745554
1.9190000000	4.6785876044E-8	-24.3968363263
1.9180000000	4.7879431610E-8	-24.4151053182
1.9170000000	4.8830866689E-8	-24.3959449375
1.9160000000	4.9820784376E-8	-24.3940816090
1.9150000000	5.0810743412E-8	-24.3923935828
1.9140000000	5.1774159737E-8	-24.4039679564
1.9130000000	5.2725597714E-8	-24.3864238873
1.9120000000	5.3804686452E-8	-24.4439107152
1.9110000000	5.4965656538E-8	-24.3937548405
1.9100000000	5.6124275856E-8	-24.4120098347
1.9090000000	5.7179216668E-8	-24.4125577456
1.9080000000	5.8207701929E-8	-24.4250143992
1.9070000000	5.9460264071E-8	-24.3696376718
1.9060000000	6.0592282195E-8	-24.3984007781
1.9050000000	6.1789339318E-8	-24.4283608224
1.9040000000	6.3015391820E-8	-24.3869839065
1.9030000000	6.4250970194E-8	-24.4289287490
1.9020000000	6.5294014065E-8	-24.4059294930
1.9010000000	6.6349136941E-8	-24.4064269916
1.9000000000	6.7688382100E-8	-24.4601792546
1.8990000000	6.9005879510E-8	-24.4139188607
1.8980000000	7.0347504284E-8	-24.4124627715
1.8970000000	7.1636086306E-8	-24.4304050018
1.8960000000	7.3016324181E-8	-24.4401881394
1.8950000000	7.4357989382E-8	-24.4384067629
1.8940000000	7.5740487234E-8	-24.3983961636
1.8930000000	7.7055653239E-8	-24.4063428976
1.8920000000	7.8435844442E-8	-24.4158069700
1.8910000000	7.9762958986E-8	-24.4422604824
1.8900000000	8.1001027165E-8	-24.4285996336
1.8890000000	8.2212553315E-8	-24.4238252565
1.8880000000	8.3513273816E-8	-24.4571900555
1.8870000000	8.4830728549E-8	-24.4195443064
1.8860000000	8.6160368738E-8	-24.4007083047
1.8850000000	8.7644108304E-8	-24.4203387044
1.8840000000	8.9048296200E-8	-24.4625816727
1.8830000000	9.0404365930E-8	-24.4363021261
1.8820000000	9.1760495443E-8	-24.4108561813
1.8810000000	9.3335668501E-8	-24.4232724404
1.8800000000	9.4951899651E-8	-24.4047374364
1.8790000000	9.6370616766E-8	-24.4210699385
1.8780000000	9.7647217355E-8	-24.4184943228
1.8770000000	9.8976766386E-8	-24.4021354114
1.8760000000	1.0035695641E-7	-24.4095900979
1.8750000000	1.0178771195E-7	-24.4399018411
1.8740000000	1.0325933577E-7	-24.4413234735
1.8730000000	1.0488998584E-7	-24.4031684121
1.8720000000	1.0636169881E-7	-24.4050345667
1.8710000000	1.0772986582E-7	-24.3978480672
1.8700000000	1.0912199052E-7	-24.4186947271
1.8690000000	1.1069725699E-7	-24.4290307029
1.8680000000	1.1214505383E-7	-24.4032996456
1.8670000000	1.1357760672E-7	-24.3978881424
1.8660000000	1.1504950149E-7	-24.3996397795
1.8650000000	1.1645655535E-7	-24.4000978398
1.8640000000	1.1764172456E-7	-24.4028251024
1.8630000000	1.1885334462E-7	-24.3997654127
1.8620000000	1.2024510573E-7	-24.4187402176
1.8610000000	1.2174340788E-7	-24.4145012443
1.8600000000	1.2315042059E-7	-24.4147222424
1.8590000000	1.2446767808E-7	-24.3896133568
1.8580000000	1.2592755780E-7	-24.3792517672
1.8570000000	1.2735773569E-7	-24.4039299616
1.8560000000	1.2871193266E-7	-24.4149243397
1.8550000000	1.2995233498E-7	-24.3780775017
1.8540000000	1.3137140255E-7	-24.3902744960
1.8530000000	1.3281362075E-7	-24.4252535970
1.8520000000	1.3400114407E-7	-24.3996402530
1.8510000000	1.3510949428E-7	-24.3897416422
1.8500000000	1.3632107443E-7	-24.3871520176
1.8490000000	1.3755910970E-7	-24.3796590187
1.8480000000	1.3887162884E-7	-24.4111068682
1.8470000000	1.4006882907E-7	-24.4241436602
1.8460000000	1.4133562828E-7	-24.3853225166
1.8450000000	1.4244160464E-7	-24.4021829126
1.8440000000	1.4363879984E-7	-24.4149700696
1.8430000000	1.4477272477E-7	-24.4011064759
1.8420000000	1.4602515323E-7	-24.3788307465
1.8410000000	1.4703983206E-7	-24.3988421738
1.8400000000	1.4793835801E-7	-24.4019175840
1.8390000000	1.4887531751E-7	-24.4105430463
1.8380000000	1.4985067570E-7	-24.4245730031
1.8370000000	1.5076590540E-7	-24.3880809629
1.8360000000	1.5163801865E-7	-24.3956696312
1.8350000000	1.5261340857E-7	-24.4095748529
1.8340000000	1.5355269030E-7	-24.3936097788
1.8330000000	1.5436230388E-7	-24.3759340150
1.8320000000	1.5534969984E-7	-24.3994940969
1.8310000000	1.5637555934E-7	-24.4280714040
1.8300000000	1.5724998562E-7	-24.4114570152
1.8290000000	1.5802024447E-7	-24.3889865702
1.8280000000	1.5880110681E-7	-24.3996273124
1.8270000000	1.5966116042E-7	-24.3972287902
1.8260000000	1.6041470858E-7	-24.4121483954
1.8250000000	1.6110573478E-7	-24.4028927349
1.8240000000	1.6185049998E-7	-24.3850900167
1.8230000000	1.6258965522E-7	-24.4134254676
1.8220000000	1.6331911371E-7	-24.4093809066
1.8210000000	1.6394625213E-7	-24.3993004149
1.8200000000	1.6462289356E-7	-24.4036893715
1.8190000000	1.6544360511E-7	-24.3964686966
1.8180000000	1.6609152924E-7	-24.4274103368
1.8170000000	1.6667693143E-7	-24.4348908517
1.8160000000	1.6727674228E-7	-24.4291660298
1.8150000000	1.6794135549E-7	-24.4243088327
1.8140000000	1.6856519631E-7	-24.4366464623
1.8130000000	1.6910989135E-7	-24.4611236404
1.8120000000	1.6960868867E-7	-24.4276751364
1.8110000000	1.7019409093E-7	-24.4350001513
1.8100000000	1.7068508039E-7	-24.4674493226
1.8090000000	1.7111670720E-7	-24.4552110299
1.8080000000	1.7184847847E-7	-24.4295235884
1.8070000000	1.7234263693E-7	-24.4399047221
1.8060000000	1.7290400704E-7	-24.4295458674
1.8050000000	1.7351581253E-7	-24.4327639825
1.8040000000	1.7420450153E-7	-24.4454954278
1.8030000000	1.7481867512E-7	-24.4273655644
1.8020000000	1.7532628933E-7	-24.4251336368
1.8010000000	1.7598626373E-7	-24.4628265914
1.8000000000	1.7679128024E-7	-24.4892270349
1.7990000000	1.7751095622E-7	-24.4556710585
1.7980000000	1.7804591777E-7	-24.4494251242
1.7970000000	1.7872256990E-7	-24.4532780569
1.7960000000	1.7969795428E-7	-24.4647457231
1.7950000000	1.8073687327E-7	-24.4973662605
1.7940000000	1.8182015398E-7	-24.4728564111
1.7930000000	1.8290203589E-7	-24.4688355136
1.7920000000	1.8411136749E-7	-24.4866492457
1.7910000000	1.8527246881E-7	-24.4714758291
1.7900000000	1.8674114115E-7	-24.4920127129
1.7890000000	1.8859859151E-7	-24.5361748475
1.7880000000	1.9051324405E-7	-24.5331025362
1.7870000000	1.9262557504E-7	-24.5127736275
1.7860000000	1.9478621570E-7	-24.5240434027
1.7850000000	1.9731269055E-7	-24.5237316668
1.7840000000	2.0003024814E-7	-24.5626273543
1.7830000000	2.0289619387E-7	-24.5542015997
1.7820000000	2.0562032137E-7	-24.5372854321
1.7810000000	2.0857401257E-7	-24.5623744922
1.7800000000	2.1172441112E-7	-24.5710423948
1.7790000000	2.1513733076E-7	-24.5645519605
1.7780000000	2.1879627670E-7	-24.5707165382
1.7770000000	2.2294859354E-7	-24.5845071674
1.7760000000	2.2697333597E-7	-24.5801951937
1.7750000000	2.3056529124E-7	-24.6013659713
1.7740000000	2.3454160305E-7	-24.5710498441
1.7730000000	2.3883875251E-7	-24.5756802116
1.7720000000	2.4288551363E-7	-24.5995916244
1.7710000000	2.4661354275E-7	-24.5748384343
1.7700000000	2.5028927689E-7	-24.5565474122
1.7690000000	2.5413834996E-7	-24.5928308698
1.7680000000	2.5809832404E-7	-24.5884338663
1.7670000000	2.6204582013E-7	-24.5782049170
1.7660000000	2.6601653140E-7	-24.5937055481
1.7650000000	2.7007975045E-7	-24.5929976502
1.7640000000	2.7440352530E-7	-24.5942780963
1.7630000000	2.7739766566E-7	-24.6019718086
1.7620000000	2.8043921150E-7	-24.5594574565
1.7610000000	2.8321389164E-7	-24.5553958419
1.7600000000	2.8577482219E-7	-24.5839989783
1.7590000000	2.8800468547E-7	-24.5656928538
1.7580000000	2.9063997890E-7	-24.5428082733
1.7570000000	2.9308516680E-7	-24.5622235424
1.7560000000	2.9518090684E-7	-24.5688055080
1.7550000000	2.9696696752E-7	-24.5531887997
1.7540000000	2.9889466034E-7	-24.5561331601
1.7530000000	3.0055904537E-7	-24.5698214622
1.7520000000	3.0201430449E-7	-24.5892020033
1.7510000000	3.0345446243E-7	-24.5494940242
1.7500000000	3.0509660152E-7	-24.5407663747
1.7490000000	3.0656613358E-7	-24.5528155880
1.7480000000	3.0758248868E-7	-24.5498813222
1.7470000000	3.0874558129E-7	-24.5284105514
1.7460000000	3.0969254877E-7	-24.5491289783
1.7450000000	3.1006612018E-7	-24.5708253787
1.7440000000	3.1013734084E-7	-24.5351564475
1.7430000000	3.1074505714E-7	-24.5608278218
1.7420000000	3.1133240405E-7	-24.5525045480
1.7410000000	3.1152587814E-7	-24.5657710286
1.7400000000	3.1183692123E-7	-24.5750013144
1.7390000000	3.1233671139E-7	-24.5447771443
1.7380000000	3.1244314269E-7	-24.5358644616
1.7370000000	3.1234648541E-7	-24.5615038362
1.7360000000	3.1207707350E-7	-24.5429313300
1.7350000000	3.1220897860E-7	-24.5318781930
1.7340000000	3.1251543850E-7	-24.5648845907
1.7330000000	3.1295384925E-7	-24.5867763469
1.7320000000	3.1296062520E-7	-24.5511822242
1.7310000000	3.1265978815E-7	-24.5588381337
1.7300000000	3.1222892794E-7	-24.5655119201
1.7290000000	3.1201703261E-7	-24.5832994317
1.7280000000	3.1224098532E-7	-24.5703517154
1.7270000000	3.1210345359E-7	-24.5407199552
1.7260000000	3.1160500541E-7	-24.5591204919
1.7250000000	3.1115933554E-7	-24.5731379453
1.7240000000	3.1116118057E-7	-24.5610372649
1.7230000000	3.1139535569E-7	-24.5650150190
1.7220000000	3.1121744264E-7	-24.6093460975
1.7210000000	3.1101316997E-7	-24.5913266844
1.7200000000	3.1108021713E-7	-24.5798015752
1.7190000000	3.1105384526E-7	-24.5820235384
1.7180000000	3.1120759254E-7	-24.5925602286
1.7170000000	3.1143955875E-7	-24.6084364106
1.7160000000	3.1161255818E-7	-24.5878019653
1.7150000000	3.1164117543E-7	-24.5736685646
1.7140000000	3.1142929394E-7	-24.5914951953
1.7130000000	3.1136448644E-7	-24.5910842562
1.7120000000	3.1160274235E-7	-24.5710367020
1.7110000000	3.1164697014E-7	-24.6144283427
1.7100000000	3.1172166407E-7	-24.6315920690
1.7090000000	3.1192362054E-7	-24.5970077163
1.7080000000	3.1196429082E-7	-24.5877309803
1.7070000000	3.1205323601E-7	-24.5978254909
1.7060000000	3.1202686794E-7	-24.6000420484
1.7050000000	3.1214039960E-7	-24.6199771701
1.7040000000	3.1249392337E-7	-24.6078207459
1.7030000000	3.1279786407E-7	-24.5881664421
1.7020000000	3.1292345014E-7	-24.6128843532
1.7010000000	3.1297618134E-7	-24.6084621473
1.7000000000	3.1296633257E-7	-24.5917705801
1.6990000000	3.1285116501E-7	-24.6481632061
1.6980000000	3.1269518804E-7	-24.6495843793
1.6970000000	3.1282916756E-7	-24.6266380704
1.6960000000	3.1306514640E-7	-24.6185181395
1.6950000000	3.1318359274E-7	-24.6144246632
1.6940000000	3.1315631905E-7	-24.6167108295
1.6930000000	3.1329280882E-7	-24.6579858937
1.6920000000	3.1399802063E-7	-24.6456957675
1.6910000000	3.1354740501E-7	-24.6191419190
1.6900000000	3.1324134933E-7	-24.6506336847
1.6890000000	3.1316662431E-7	-24.6335577896
1.6880000000	3.1308931217E-7	-24.6281674163
1.6870000000	3.1367089661E-7	-24.6556265987
1.6860000000	3.1316012785E-7	-24.6691302279
1.6850000000	3.1281271334E-7	-24.6455506785
1.6840000000	3.1357973069E-7	-24.6574422572
1.6830000000	3.1358365783E-7	-24.6335929451
1.6820000000	3.1329715158E-7	-24.6342809690
1.6810000000	3.1275783748E-7	-24.6618542928
1.6800000000	3.1210750139E-7	-24.6578871518
1.6790000000	3.1179897797E-7	-24.6370052369
1.6780000000	3.1119701847E-7	-24.6523875909
1.6770000000	3.1037124919E-7	-24.6809162618
1.6760000000	3.0969884965E-7	-24.6552179236
1.6750000000	3.0952986770E-7	-24.6518557171
1.6740000000	3.1032282961E-7	-24.6614553920
1.6730000000	3.1012923536E-7	-24.6481971569
1.6720000000	3.0964398894E-7	-24.6716872040
1.6710000000	3.0912113073E-7	-24.6805093175
1.6700000000	3.0875985296E-7	-24.6639386101
1.6690000000	3.0808490410E-7	-24.6499526122
1.6680000000	3.0751757255E-7	-24.6925213201
1.6670000000	3.0716535040E-7	-24.6929607250
1.6660000000	3.0675093319E-7	-24.6806521696
1.6650000000	3.0604788765E-7	-24.6811804141
1.6640000000	3.0532062723E-7	-24.6718213015
1.6630000000	3.0521218658E-7	-24.6931559450
1.6620000000	3.0505110190E-7	-24.7190604026
1.6610000000	3.0443009965E-7	-24.7005562434
1.6600000000	3.0378187035E-7	-24.6843392178
1.6590000000	3.0339865763E-7	-24.7113687777
1.6580000000	3.0285200017E-7	-24.7106458498
1.6570000000	3.0195832852E-7	-24.6852884007
1.6560000000	3.0105782060E-7	-24.6970357714
1.6550000000	3.0035176131E-7	-24.7100556781
1.6540000000	2.9983193944E-7	-24.7067530209
1.6530000000	2.9926855364E-7	-24.7256120148
1.6520000000	2.9857715202E-7	-24.7315687046
1.6510000000	2.9804897241E-7	-24.6981269827
1.6500000000	2.9769765900E-7	-24.6985065762
1.6490000000	2.9716060241E-7	-24.7151473368
1.6480000000	2.9667667026E-7	-24.7273374679
1.6470000000	2.9626221378E-7	-24.7146412366
1.6460000000	2.9550557567E-7	-24.7200520579
1.6450000000	2.9490581510E-7	-24.7238615962
1.6440000000	2.9434543622E-7	-24.7303712826
1.6430000000	2.9409740970E-7	-24.7339665306
1.6420000000	2.9342782527E-7	-24.7628119950
1.6410000000	2.9275522922E-7	-24.7358144636
1.6400000000	2.9240557559E-7	-24.7233683888
1.6390000000	2.9201164803E-7	-24.7464308082
1.6380000000	2.9146663585E-7	-24.7328260382
1.6370000000	2.9094680716E-7	-24.7294632054
1.6360000000	2.9052564880E-7	-24.7551268937
1.6350000000	2.9014758404E-7	-24.7578040447
1.6340000000	2.9031611010E-7	-24.7615909185
1.6330000000	2.9030192542E-7	-24.7691855994
1.6320000000	2.9017229720E-7	-24.7683830722
1.6310000000	2.8968157263E-7	-24.7369305686
1.6300000000	2.8922285938E-7	-24.7598240273
1.6290000000	2.8914092420E-7	-24.7799707294
1.6280000000	2.8896269626E-7	-24.7582868981
1.6270000000	2.8876692826E-7	-24.7569728271
1.6260000000	2.8834876473E-7	-24.7699085541
1.6250000000	2.8790498127E-7	-24.7723050882
1.6240000000	2.8761848498E-7	-24.7731927124
1.6230000000	2.8712093749E-7	-24.7933009626
1.6220000000	2.8672100213E-7	-24.7727679110
1.6210000000	2.8656574915E-7	-24.7613298044
1.6200000000	2.8657586891E-7	-24.7795531547
1.6190000000	2.8701672712E-7	-24.7901565669
1.6180000000	2.8699534847E-7	-24.7666211091
1.6170000000	2.8660219906E-7	-24.7771232575
1.6160000000	2.8644173834E-7	-24.8049394718
1.6150000000	2.8642758281E-7	-24.8126390266
1.6140000000	2.8635217607E-7	-24.7938248601
1.6130000000	2.8645390593E-7	-24.8102048308
1.6120000000	2.8669174514E-7	-24.7882333936
1.6110000000	2.8652321017E-7	-24.7844142887
1.6100000000	2.8648113729E-7	-24.8076871679
1.6090000000	2.8672624667E-7	-24.8169683699
1.6080000000	2.8678179033E-7	-24.7990714267
1.6070000000	2.8668775317E-7	-24.8141404242
1.6060000000	2.8672273984E-7	-24.8430540152
1.6050000000	2.8703554735E-7	-24.8396619209
1.6040000000	2.8727333001E-7	-24.8177105819
1.6030000000	2.8732597461E-7	-24.8128560371
1.6020000000	2.8737664031E-7	-24.8209258720
1.6010000000	2.8761091107E-7	-24.8250209265
1.6000000000	2.8771032185E-7	-24.8540453246
1.5990000000	2.8785694198E-7	-24.8341673446
1.5980000000	2.8808256657E-7	-24.8070478458
1.5970000000	2.8836462095E-7	-24.8321483624
1.5960000000	2.8850539456E-7	-24.8509428118
1.5950000000	2.8855802503E-7	-24.8461029325
1.5940000000	2.8883275186E-7	-24.8401055908
1.5930000000	2.8918253427E-7	-24.8525642588
1.5920000000	2.8919472372E-7	-24.8577777104
1.5910000000	2.8933463237E-7	-24.8765890680
1.5900000000	2.8980470324E-7	-24.8716330279
1.5890000000	2.8991188306E-7	-24.8491809379
1.5880000000	2.8975551404E-7	-24.8506433922
1.5870000000	2.8967416071E-7	-24.8709581562
1.5860000000	2.9006680310E-7	-24.8602608397
1.5850000000	2.9048334719E-7	-24.8602352122
1.5840000000	2.9071339074E-7	-24.8896253230
1.5830000000	2.9076600473E-7	-24.8848151955
1.5820000000	2.9102660516E-7	-24.8864082803
1.5810000000	2.9092047349E-7	-24.8961051428
1.5800000000	2.9067678562E-7	-24.8740693780
1.5790000000	2.9062325985E-7	-24.8789619771
1.5780000000	2.9075043839E-7	-24.9053560860
1.5770000000	2.9063546142E-7	-24.8841484770
1.5760000000	2.8996064898E-7	-24.8699802287
1.5750000000	2.8975959617E-7	-24.9073757585
1.5740000000	2.8995166088E-7	-24.9342007940
1.5730000000	2.8974738393E-7	-24.9021745590
1.5720000000	2.8943459515E-7	-24.9056024300
1.5710000000	2.8977181078E-7	-24.9125765195
1.5700000000	2.8977181078E-7	-24.9125765195
1.5690000000	2.8961258584E-7	-24.9400798374
1.5680000000	2.8964030925E-7	-24.9246589967
1.5670000000	2.8967035561E-7	-24.8965995557
1.5660000000	2.8945902515E-7	-24.9160153415
1.5650000000	2.8927493175E-7	-24.9329543639
1.5640000000	2.8909364134E-7	-24.9243049861
1.5630000000	2.8923826702E-7	-24.9173265415
1.5620000000	2.8914624056E-7	-24.9194616034
1.5610000000	2.8879266169E-7	-24.9328022038
1.5600000000	2.8878941858E-7	-24.9587025367
1.5590000000	2.8895758883E-7	-24.9622102563
1.5580000000	2.8881711667E-7	-24.9432359571
1.5570000000	2.8862635890E-7	-24.9164078912
1.5560000000	2.8866118176E-7	-24.9449348779
1.5550000000	2.8856916050E-7	-24.9470830137
1.5540000000	2.8778908476E-7	-24.9426962084
1.5530000000	2.8743736127E-7	-24.9432075248
1.5520000000	2.8746997184E-7	-24.9850335547
1.5510000000	2.8779768484E-7	-24.9737403254
1.5500000000	2.8817569583E-7	-24.9707580713
1.5490000000	2.8761456013E-7	-24.9779851812
1.5480000000	2.8744819227E-7	-24.9615498206
1.5470000000	2.8769523692E-7	-24.9577593390
1.5460000000	2.8736661577E-7	-24.9818783196
1.5450000000	2.8719843945E-7	-24.9783626854
1.5440000000	2.8693782638E-7	-24.9768318626
1.5430000000	2.8685627711E-7	-24.9972008737
1.5420000000	2.8680062609E-7	-25.0281778884
1.5410000000	2.8693603643E-7	-24.9897754205
1.5400000000	2.8722293627E-7	-24.9888504676
1.5390000000	2.8727372604E-7	-24.9968921175
1.5380000000	2.8711689290E-7	-24.9987136424
1.5370000000	2.8711337712E-7	-25.0245850411
1.5360000000	2.8747911007E-7	-25.0162914579
1.5350000000	2.8774283697E-7	-24.9917881852
1.5340000000	2.8784442627E-7	-25.0078385605
1.5330000000	2.8814183488E-7	-25.0250140708
1.5320000000	2.8853258258E-7	-25.0269225043
1.5310000000	2.8895263544E-7	-25.0009494243
1.5300000000	2.8902971497E-7	-25.0065104517
1.5290000000	2.8926362824E-7	-25.0102522789
1.5280000000	2.8962937155E-7	-25.0020383677
1.5270000000	2.9005294775E-7	-25.0454146907
1.5260000000	2.9022205051E-7	-25.0487733029
1.5250000000	2.9062936514E-7	-25.0175604321
1.5240000000	2.9104506913E-7	-25.0299875412
1.5230000000	2.9137844813E-7	-25.0625336563
1.5220000000	2.9184843530E-7	-25.0573128540
1.5210000000	2.9234599573E-7	-25.0368201296
1.5200000000	2.9290536344E-7	-25.0422771425
1.5190000000	2.9325708196E-7	-25.0416565398
1.5180000000	2.9372445020E-7	-25.0492298567
1.5170000000	2.9443467278E-7	-25.0907562462
1.5160000000	2.9512797333E-7	-25.0714655062
1.5150000000	2.9547040157E-7	-25.0404050006
1.5140000000	2.9602545510E-7	-25.0709726578
1.5130000000	2.9698573694E-7	-25.0959143087
1.5120000000	2.9743111809E-7	-25.0806206251
1.5110000000	2.9766843541E-7	-25.0592435885
1.5100000000	2.9810954710E-7	-25.0690387074
1.5090000000	2.9872104166E-7	-25.0694418044
1.5080000000	2.9912360450E-7	-25.0765108186
1.5070000000	2.9932837189E-7	-25.1074147120
1.5060000000	3.0012246239E-7	-25.1038421114
1.5050000000	3.0139078403E-7	-25.0704463618
1.5040000000	3.0196245972E-7	-25.0806615882
1.5030000000	3.0276552285E-7	-25.1066957449
1.5020000000	3.0427748595E-7	-25.0943164091
1.5010000000	3.0548902653E-7	-25.0904175633
1.5000000000	3.0655771986E-7	-25.0810945147
1.4990000000	3.0751925833E-7	-25.0929036841
1.4980000000	3.0863805001E-7	-25.1030580791
1.4970000000	3.0976662412E-7	-25.1300648820
1.4960000000	3.1060181439E-7	-25.1170897544
1.4950000000	3.1147558513E-7	-25.1067515831
1.4940000000	3.1257833900E-7	-25.1359235915
1.4930000000	3.1369674630E-7	-25.1455954536
1.4920000000	3.1460948597E-7	-25.1379826669
1.4910000000	3.1573112993E-7	-25.1240569971
1.4900000000	3.1724845186E-7	-25.1639137054
1.4890000000	3.1821325284E-7	-25.1517310913
1.4880000000	3.1909655176E-7	-25.1697008369
1.4870000000	3.1992895794E-7	-25.1803821231
1.4860000000	3.2105213405E-7	-25.1549699304
1.4850000000	3.2221024673E-7	-25.1555049338
1.4840000000	3.2296347302E-7	-25.1725226490
1.4830000000	3.2395292701E-7	-25.1698141811
1.4820000000	3.2515210831E-7	-25.1612448533
1.4810000000	3.2596969148E-7	-25.1786054202
1.4800000000	3.2670662225E-7	-25.2135848095
1.4790000000	3.2794435523E-7	-25.2073539593
1.4780000000	3.2907867694E-7	-25.1984825725
1.4770000000	3.2988444892E-7	-25.2107561929
1.4760000000	3.3046087832E-7	-25.1861278815
1.4750000000	3.3135679823E-7	-25.1965864623
1.4740000000	3.3238066823E-7	-25.2299510619
1.4730000000	3.3320185609E-7	-25.2242422292
1.4720000000	3.3392116052E-7	-25.2047949245
1.4710000000	3.3492185031E-7	-25.2178135660
1.4700000000	3.3565934207E-7	-25.2519283302
1.4690000000	3.3630986730E-7	-25.2544687513
1.4680000000	3.3689812390E-7	-25.2345430267
1.4670000000	3.3782165590E-7	-25.2426572922
1.4660000000	3.3866906860E-7	-25.2349175471
1.4650000000	3.3912419916E-7	-25.2367785862
1.4640000000	3.3982169026E-7	-25.2790266260
1.4630000000	3.4061662548E-7	-25.2754068532
1.4620000000	3.4117861129E-7	-25.2577744117
1.4610000000	3.4185285898E-7	-25.2800713435
1.4600000000	3.4261635400E-7	-25.3111371319
1.4590000000	3.4354279385E-7	-25.2972856225
1.4580000000	3.4415573280E-7	-25.2864369008
1.4570000000	3.4466277641E-7	-25.2947877058
1.4560000000	3.4510552742E-7	-25.2921844627
1.4550000000	3.4590951548E-7	-25.3146300305
1.4540000000	3.4657105728E-7	-25.3320293973
1.4530000000	3.4701709553E-7	-25.3077647024
1.4520000000	3.4786445575E-7	-25.3000709494
1.4510000000	3.4825096090E-7	-25.3337097172
1.4500000000	3.4886149909E-7	-25.3443870095
1.4490000000	3.4926518683E-7	-25.3393405991
1.4480000000	3.4992953309E-7	-25.3352959817
1.4470000000	3.5059249083E-7	-25.3418617261
1.4460000000	3.5113958528E-7	-25.3416511328
1.4450000000	3.5168210425E-7	-25.3733449108
1.4440000000	3.5241082404E-7	-25.3799547961
1.4430000000	3.5285447299E-7	-25.3666278514
1.4420000000	3.5325948071E-7	-25.3616901549
1.4410000000	3.5407563537E-7	-25.3875544428
1.4400000000	3.5467422579E-7	-25.3938776167
1.4390000000	3.5523599301E-7	-25.3767555455
1.4380000000	3.5563741488E-7	-25.3927982003
1.4370000000	3.5628665642E-7	-25.4053649065
1.4360000000	3.5704200303E-7	-25.3994920771
1.4350000000	3.5755943015E-7	-25.4325016169
1.4340000000	3.5780593340E-7	-25.4394418539
1.4330000000	3.5853764897E-7	-25.4147911331
1.4320000000	3.5934497618E-7	-25.4152361164
1.4310000000	3.5971773601E-7	-25.4536894175
1.4300000000	3.6016044187E-7	-25.4509996609
1.4290000000	3.6078609198E-7	-25.4446917945
1.4280000000	3.6141047723E-7	-25.4486840591
1.4270000000	3.6183820636E-7	-25.4623987716
1.4260000000	3.6227933376E-7	-25.4801535601
1.4250000000	3.6318846217E-7	-25.4932424715
1.4240000000	3.6394344052E-7	-25.4974378155
1.4230000000	3.6432208572E-7	-25.4841973098
1.4220000000	3.6488165363E-7	-25.4878919170
1.4210000000	3.6564624363E-7	-25.5167083964
1.4200000000	3.6625816671E-7	-25.5164309207
1.4190000000	3.6667425128E-7	-25.5155242060
1.4180000000	3.6750818463E-7	-25.5139311843
1.4170000000	3.6849559727E-7	-25.5309356005
1.4160000000	3.6920870937E-7	-25.5530626614
1.4150000000	3.6975579536E-7	-25.5525501780
1.4140000000	3.7067844502E-7	-25.5691744671
1.4130000000	3.7191550191E-7	-25.5623580295
1.4120000000	3.7265938756E-7	-25.5424224242
1.4110000000	3.7329447851E-7	-25.5701815329
1.4100000000	3.7454224555E-7	-25.5873860501
1.4090000000	3.7606501529E-7	-25.5893008459
1.4080000000	3.7728885600E-7	-25.5885266451
1.4070000000	3.7825134758E-7	-25.5969738719
1.4060000000	3.7951170439E-7	-25.6178135201
1.4050000000	3.8077316518E-7	-25.6287589661
1.4040000000	3.8179948842E-7	-25.6469152702
1.4030000000	3.8252792497E-7	-25.6526833817
1.4020000000	3.8365095119E-7	-25.6203525668
1.4010000000	3.8461304091E-7	-25.6284461040
1.4000000000	3.8545488490E-7	-25.6693187222
1.3990000000	3.8605222450E-7	-25.6841801438
1.3980000000	3.8663958460E-7	-25.6661646065
1.3970000000	3.8693796195E-7	-25.6784479124
1.3960000000	3.8695052912E-7	-25.6823178654
1.3950000000	3.8727605513E-7	-25.6831260791
1.3940000000	3.8776799418E-7	-25.7053928421
1.3930000000	3.8793579646E-7	-25.7269032769
1.3920000000	3.8780478345E-7	-25.7265540230
1.3910000000	3.8808051062E-7	-25.7021891851
1.3900000000	3.8862513702E-7	-25.7303023611
1.3890000000	3.8912889071E-7	-25.7658252017
1.3880000000	3.8940219193E-7	-25.7702688680
1.3870000000	3.8979303496E-7	-25.7614674473
1.3860000000	3.9036485500E-7	-25.7780058210
1.3850000000	3.9019511447E-7	-25.7756931877
1.3840000000	3.8987091432E-7	-25.7655717396
1.3830000000	3.9020727741E-7	-25.7891806326
1.3820000000	3.9098501312E-7	-25.8192345758
1.3810000000	3.9133926889E-7	-25.7990209969
1.3800000000	3.9181929723E-7	-25.8074807517
1.3790000000	3.9259753388E-7	-25.8375063868
1.3780000000	3.9237609444E-7	-25.8484594473
1.3770000000	3.9212928787E-7	-25.8423883386
1.3760000000	3.9228309503E-7	-25.8693237984
1.3750000000	3.9276487699E-7	-25.8681547013
1.3740000000	3.9275222511E-7	-25.8643480056
1.3730000000	3.9267116691E-7	-25.8984642603
1.3720000000	3.9308720359E-7	-25.8972141089
1.3710000000	3.9310229457E-7	-25.8820511339
1.3700000000	3.9274793134E-7	-25.9118394501
1.3690000000	3.9236849594E-7	-25.9434701927
1.3680000000	3.9247352667E-7	-25.9265955834
1.3670000000	3.9320170483E-7	-25.9315578716
1.3660000000	3.9307130898E-7	-25.9408005103
1.3650000000	3.9213291545E-7	-25.9602178074
1.3640000000	3.9203953944E-7	-25.9905981788
1.3630000000	3.9237801214E-7	-25.9853467764
1.3620000000	3.9237867358E-7	-25.9758783456
1.3610000000	3.9236444594E-7	-26.0006089185
1.3600000000	3.9237653069E-7	-26.0138834855
1.3590000000	3.9236381248E-7	-26.0100777331
1.3580000000	3.9216794645E-7	-26.0097352051
1.3570000000	3.9208838050E-7	-26.0438680600
1.3560000000	3.9191842090E-7	-26.0512917571
1.3550000000	3.9176064485E-7	-26.0720155336
1.3540000000	3.9143497575E-7	-26.0811628755
1.3530000000	3.9121507167E-7	-26.0636644991
1.3520000000	3.9120031059E-7	-26.0789075462
1.3510000000	3.9127727366E-7	-26.1019242977
1.3500000000	3.9106998397E-7	-26.0978784420
1.3490000000	3.9069144302E-7	-26.1012298370
1.3480000000	3.9063877924E-7	-26.1241258244
1.3470000000	3.9046840582E-7	-26.1411269750
1.3460000000	3.9007800236E-7	-26.1406369996
1.3450000000	3.9010307843E-7	-26.1674639607
1.3440000000	3.9002500509E-7	-26.1634424597
1.3430000000	3.8993323472E-7	-26.1653193604
1.3420000000	3.8997119046E-7	-26.1959779576
1.3410000000	3.8981548000E-7	-26.1977368054
1.3400000000	3.8962002874E-7	-26.1879506145
1.3390000000	3.8915068354E-7	-26.2029037418
1.3380000000	3.8887603244E-7	-26.2371096119
1.3370000000	3.8901952158E-7	-26.2506676019
1.3360000000	3.8974860362E-7	-26.2360029679
1.3350000000	3.8983838627E-7	-26.2627648847
1.3340000000	3.8931773767E-7	-26.2528171222
1.3330000000	3.8927832620E-7	-26.2796416436
1.3320000000	3.8915996408E-7	-26.3025342991
1.3310000000	3.8874355536E-7	-26.3040986956
1.3300000000	3.8850957816E-7	-26.2925315096
1.3290000000	3.8813186967E-7	-26.3153066140
1.3280000000	3.8789653384E-7	-26.3516190986
1.3270000000	3.8772708793E-7	-26.3496753937
1.3260000000	3.8794826729E-7	-26.3573938298
1.3250000000	3.8846836833E-7	-26.3769983071
1.3240000000	3.8861205424E-7	-26.3712654545
1.3230000000	3.8839042781E-7	-26.3827002884
1.3220000000	3.8848095073E-7	-26.4192177392
1.3210000000	3.8874122934E-7	-26.4192494670
1.3200000000	3.8880624550E-7	-26.4097178973
1.3190000000	3.8901441198E-7	-26.4231063213
1.3180000000	3.8939078481E-7	-26.4673980687
1.3170000000	3.8949541150E-7	-26.4692663186
1.3160000000	3.8929987570E-7	-26.4788278405
1.3150000000	3.8906530454E-7	-26.5055804902
1.3140000000	3.8909125659E-7	-26.5036746722
1.3130000000	3.8937793395E-7	-26.5018772878
1.3120000000	3.8920828188E-7	-26.5286445271
1.3110000000	3.8872659083E-7	-26.5402006992
1.3100000000	3.8860941082E-7	-26.5438856368
1.3090000000	3.8836209286E-7	-26.5477648751
1.3080000000	3.8799806500E-7	-26.5842028218
1.3070000000	3.8747753598E-7	-26.5939494944
1.3060000000	3.8737377611E-7	-26.5920389839
1.3050000000	3.8747762310E-7	-26.6131268603
1.3040000000	3.8706083207E-7	-26.6152308314
1.3030000000	3.8665742333E-7	-26.6113733049
1.3020000000	3.8682669456E-7	-26.6422209550
1.3010000000	3.8642336203E-7	-26.6480041045
1.3000000000	3.8575957677E-7	-26.6346628872
