2.3000000000	9.8782110225E-10	-45.0000000000
2.2990000000	9.8782110225E-10	-45.0000000000
2.2980000000	9.8782110225E-10	-45.0000000000
2.2970000000	9.8782110225E-10	-45.0000000000
2.2960000000	9.6746106624E-10	-46.2188342585
2.2950000000	9.6746106624E-10	-46.2188342585
2.2940000000	9.8782110225E-10	-45.0000000000
2.2930000000	9.8782110225E-10	-45.0000000000
2.2920000000	9.8782110225E-10	-45.0000000000
2.2910000000	9.8782110225E-10	-45.0000000000
2.2900000000	9.8782110225E-10	-45.0000000000
2.2890000000	9.8782110225E-10	-45.0000000000
2.2880000000	9.8782110225E-10	-45.0000000000
2.2870000000	9.8782110225E-10	-45.0000000000
2.2860000000	9.8782110225E-10	-45.0000000000
2.2850000000	9.8782110225E-10	-45.0000000000
2.2840000000	9.8782110225E-10	-45.0000000000
2.2830000000	9.8782110225E-10	-45.0000000000
2.2820000000	9.8782110225E-10	-45.0000000000
2.2810000000	9.8782110225E-10	-45.0000000000
2.2800000000	9.8782110225E-10	-45.0000000000
2.2790000000	9.8782110225E-10	-45.0000000000
2.2780000000	9.8782110225E-10	-45.0000000000
2.2770000000	9.6746106624E-10	-46.2188342585
2.2760000000	9.8782110225E-10	-45.0000000000
2.2750000000	9.8782110225E-10	-45.0000000000
2.2740000000	9.8782110225E-10	-45.0000000000
2.2730000000	9.8782110225E-10	-45.0000000000
2.2720000000	9.8782110225E-10	-45.0000000000
2.2710000000	9.6746106624E-10	-46.2188342585
2.2700000000	9.4666324494E-10	-45.0000000000
2.2690000000	9.8782110225E-10	-45.0000000000
2.2680000000	9.6746106624E-10	-46.2188342585
2.2670000000	9.8782110225E-10	-45.0000000000
2.2660000000	9.8782110225E-10	-45.0000000000
2.2650000000	9.6746106624E-10	-46.2188342585
2.2640000000	9.6746106624E-10	-43.7811657415
2.2630000000	9.6746106624E-10	-46.2188342585
2.2620000000	9.8782110225E-10	-45.0000000000
2.2610000000	9.6746106624E-10	-46.2188342585
2.2600000000	9.6746106624E-10	-46.2188342585
2.2590000000	9.6746106624E-10	-46.2188342585
2.2580000000	9.6746106624E-10	-43.7811657415
2.2570000000	9.8782110225E-10	-45.0000000000
2.2560000000	9.6746106624E-10	-46.2188342585
2.2550000000	9.6746106624E-10	-46.2188342585
2.2540000000	9.8782110225E-10	-45.0000000000
2.2530000000	9.6746106624E-10	-46.2188342585
2.2520000000	9.6746106624E-10	-43.7811657415
2.2510000000	9.6746106624E-10	-46.2188342585
2.2500000000	9.6746106624E-10	-46.2188342585
2.2490000000	9.8782110225E-10	-45.0000000000
2.2480000000	9.6746106624E-10	-46.2188342585
2.2470000000	9.6746106624E-10	-46.2188342585
2.2460000000	9.8782110225E-10	-45.0000000000
2.2450000000	9.6746106624E-10	-46.2188342585
2.2440000000	9.8782110225E-10	-45.0000000000
2.2430000000	9.6746106624E-10	-46.2188342585
2.2420000000	9.6746106624E-10	-46.2188342585
2.2410000000	9.8782110225E-10	-45.0000000000
2.2400000000	9.6746106624E-10	-46.2188342585
2.2390000000	9.6746106624E-10	-46.2188342585
2.2380000000	9.6746106624E-10	-46.2188342585
2.2370000000	9.6746106624E-10	-46.2188342585
2.2360000000	9.8782110225E-10	-45.0000000000
2.2350000000	9.4666324494E-10	-45.0000000000
2.2340000000	9.4666324494E-10	-45.0000000000
2.2330000000	9.6746106624E-10	-46.2188342585
2.2320000000	9.6746106624E-10	-46.2188342585
2.2310000000	9.6746106624E-10	-46.2188342585
2.2300000000	9.6746106624E-10	-46.2188342585
2.2290000000	9.8782110225E-10	-45.0000000000
2.2280000000	9.6746106624E-10	-46.2188342585
2.2270000000	9.4666324494E-10	-45.0000000000
2.2260000000	9.6746106624E-10	-46.2188342585
2.2250000000	9.6746106624E-10	-46.2188342585
2.2240000000	9.4666324494E-10	-45.0000000000
2.2230000000	9.8782110225E-10	-45.0000000000
2.2220000000	9.6746106624E-10	-46.2188342585
2.2210000000	9.6746106624E-10	-46.2188342585
2.2200000000	9.6746106624E-10	-46.2188342585
2.2190000000	9.6746106624E-10	-46.2188342585
2.2180000000	9.4666324494E-10	-45.0000000000
2.2170000000	9.4666324494E-10	-45.0000000000
2.2160000000	9.4666324494E-10	-45.0000000000
2.2150000000	9.6746106624E-10	-46.2188342585
2.2140000000	9.6746106624E-10	-46.2188342585
2.2130000000	9.6746106624E-10	-43.7811657415
2.2120000000	9.6746106624E-10	-46.2188342585
2.2110000000	9.6746106624E-10	-46.2188342585
2.2100000000	9.6746106624E-10	-46.2188342585
2.2090000000	9.8782110225E-10	-45.0000000000
2.2080000000	9.6746106624E-10	-46.2188342585
2.2070000000	9.6746106624E-10	-46.2188342585
2.2060000000	9.6746106624E-10	-46.2188342585
2.2050000000	9.6746106624E-10	-46.2188342585
2.2040000000	9.4666324494E-10	-45.0000000000
2.2030000000	9.6746106624E-10	-46.2188342585
2.2020000000	9.6746106624E-10	-46.2188342585
2.2010000000	9.4666324494E-10	-45.0000000000
2.2000000000	9.6746106624E-10	-46.2188342585
2.1990000000	9.6746106624E-10	-46.2188342585
2.1980000000	9.4755685210E-10	-47.4895120631
2.1970000000	9.4666324494E-10	-45.0000000000
2.1960000000	9.4666324494E-10	-45.0000000000
2.1950000000	9.6746106624E-10	-46.2188342585
2.1940000000	9.6746106624E-10	-46.2188342585
2.1930000000	9.6746106624E-10	-46.2188342585
2.1920000000	9.8782110225E-10	-45.0000000000
2.1910000000	9.6746106624E-10	-46.2188342585
2.1900000000	9.6746106624E-10	-46.2188342585
2.1890000000	9.4666324494E-10	-45.0000000000
2.1880000000	9.6746106624E-10	-46.2188342585
2.1870000000	9.6746106624E-10	-46.2188342585
2.1860000000	9.6746106624E-10	-46.2188342585
2.1850000000	9.6746106624E-10	-46.2188342585
2.1840000000	9.6746106624E-10	-46.2188342585
2.1830000000	9.4666324494E-10	-45.0000000000
2.1820000000	9.4666324494E-10	-45.0000000000
2.1810000000	9.6746106624E-10	-46.2188342585
2.1800000000	9.6746106624E-10	-46.2188342585
2.1790000000	9.6746106624E-10	-46.2188342585
2.1780000000	9.4666324494E-10	-45.0000000000
2.1770000000	9.4666324494E-10	-45.0000000000
2.1760000000	9.6746106624E-10	-46.2188342585
2.1750000000	9.6746106624E-10	-46.2188342585
2.1740000000	9.6746106624E-10	-46.2188342585
2.1730000000	9.6746106624E-10	-46.2188342585
2.1720000000	9.6746106624E-10	-46.2188342585
2.1710000000	9.6746106624E-10	-46.2188342585
2.1700000000	9.6746106624E-10	-46.2188342585
2.1690000000	9.6746106624E-10	-46.2188342585
2.1680000000	9.4666324494E-10	-45.0000000000
2.1670000000	9.4666324494E-10	-45.0000000000
2.1660000000	9.4666324494E-10	-45.0000000000
2.1650000000	9.6746106624E-10	-46.2188342585
2.1640000000	9.4666324494E-10	-45.0000000000
2.1630000000	9.6746106624E-10	-46.2188342585
2.1620000000	9.4666324494E-10	-45.0000000000
2.1610000000	9.6746106624E-10	-46.2188342585
2.1600000000	9.6746106624E-10	-46.2188342585
2.1590000000	9.6746106624E-10	-46.2188342585
2.1580000000	9.4666324494E-10	-45.0000000000
2.1570000000	9.2631224358E-10	-43.7269699799
2.1560000000	9.4666324494E-10	-45.0000000000
2.1550000000	9.4666324494E-10	-45.0000000000
2.1540000000	9.4666324494E-10	-45.0000000000
2.1530000000	9.4666324494E-10	-45.0000000000
2.1520000000	9.6746106624E-10	-46.2188342585
2.1510000000	9.6746106624E-10	-46.2188342585
2.1500000000	9.6746106624E-10	-46.2188342585
2.1490000000	9.4666324494E-10	-45.0000000000
2.1480000000	9.4666324494E-10	-45.0000000000
2.1470000000	9.4666324494E-10	-45.0000000000
2.1460000000	9.4666324494E-10	-45.0000000000
2.1450000000	9.6746106624E-10	-46.2188342585
2.1440000000	9.6746106624E-10	-46.2188342585
2.1430000000	9.4666324494E-10	-45.0000000000
2.1420000000	9.4666324494E-10	-45.0000000000
2.1410000000	9.6746106624E-10	-46.2188342585
2.1400000000	9.4666324494E-10	-45.0000000000
2.1390000000	9.6746106624E-10	-46.2188342585
2.1380000000	9.6746106624E-10	-46.2188342585
2.1370000000	9.4755685210E-10	-47.4895120631
2.1360000000	9.4666324494E-10	-45.0000000000
2.1350000000	9.4755685210E-10	-47.4895120631
2.1340000000	9.2631224358E-10	-43.7269699799
2.1330000000	9.4666324494E-10	-45.0000000000
2.1320000000	9.2631224358E-10	-46.2730300201
2.1310000000	9.2631224358E-10	-43.7269699799
2.1300000000	9.4666324494E-10	-45.0000000000
2.1290000000	9.4666324494E-10	-45.0000000000
2.1280000000	9.2631224358E-10	-46.2730300201
2.1270000000	9.4666324494E-10	-45.0000000000
2.1260000000	9.4666324494E-10	-45.0000000000
2.1250000000	9.4755685210E-10	-47.4895120631
2.1240000000	9.2631224358E-10	-46.2730300201
2.1230000000	9.4755685210E-10	-47.4895120631
2.1220000000	9.2631224358E-10	-46.2730300201
2.1210000000	9.2631224358E-10	-46.2730300201
2.1200000000	9.2631224358E-10	-46.2730300201
2.1190000000	9.0550397342E-10	-45.0000000000
2.1180000000	9.4666324494E-10	-45.0000000000
2.1170000000	9.0550397342E-10	-45.0000000000
2.1160000000	9.0550397342E-10	-45.0000000000
2.1150000000	9.2631224358E-10	-46.2730300201
2.1140000000	9.2631224358E-10	-46.2730300201
2.1130000000	9.4666324494E-10	-45.0000000000
2.1120000000	9.2631224358E-10	-46.2730300201
2.1110000000	9.0550397342E-10	-45.0000000000
2.1100000000	9.2631224358E-10	-43.7269699799
2.1090000000	9.2631224358E-10	-46.2730300201
2.1080000000	9.2631224358E-10	-46.2730300201
2.1070000000	9.2631224358E-10	-46.2730300201
2.1060000000	9.0550397342E-10	-45.0000000000
2.1050000000	9.2631224358E-10	-46.2730300201
2.1040000000	9.2631224358E-10	-46.2730300201
2.1030000000	9.2631224358E-10	-46.2730300201
2.1020000000	9.2631224358E-10	-46.2730300201
2.1010000000	9.0550397342E-10	-45.0000000000
2.1000000000	9.0550397342E-10	-45.0000000000
2.0990000000	9.2631224358E-10	-46.2730300201
2.0980000000	9.2631224358E-10	-46.2730300201
2.0970000000	9.2631224358E-10	-46.2730300201
2.0960000000	9.2631224358E-10	-46.2730300201
2.0950000000	9.2631224358E-10	-46.2730300201
2.0940000000	9.0550397342E-10	-45.0000000000
2.0930000000	9.0550397342E-10	-45.0000000000
2.0920000000	9.0550397342E-10	-45.0000000000
2.0910000000	9.0550397342E-10	-45.0000000000
2.0900000000	9.2631224358E-10	-46.2730300201
2.0890000000	9.2631224358E-10	-46.2730300201
2.0880000000	9.0550397342E-10	-45.0000000000
2.0870000000	9.0550397342E-10	-45.0000000000
2.0860000000	9.0550397342E-10	-45.0000000000
2.0850000000	9.0550397342E-10	-45.0000000000
2.0840000000	9.0550397342E-10	-45.0000000000
2.0830000000	9.0550397342E-10	-45.0000000000
2.0820000000	9.0550397342E-10	-45.0000000000
2.0810000000	8.8516360341E-10	-46.3322198539
2.0800000000	9.0643892873E-10	-47.6025622025
2.0790000000	8.8516360341E-10	-46.3322198539
2.0780000000	8.8516360341E-10	-46.3322198539
2.0770000000	8.8516360341E-10	-46.3322198539
2.0760000000	8.8516360341E-10	-46.3322198539
2.0750000000	8.8516360341E-10	-46.3322198539
2.0740000000	8.8516360341E-10	-46.3322198539
2.0730000000	8.8516360341E-10	-46.3322198539
2.0720000000	8.8516360341E-10	-46.3322198539
2.0710000000	8.8516360341E-10	-46.3322198539
2.0700000000	8.8516360341E-10	-46.3322198539
2.0690000000	8.8516360341E-10	-46.3322198539
2.0680000000	8.8516360341E-10	-46.3322198539
2.0670000000	8.8516360341E-10	-46.3322198539
2.0660000000	8.8516360341E-10	-46.3322198539
2.0650000000	8.8516360341E-10	-46.3322198539
2.0640000000	8.8516360341E-10	-46.3322198539
2.0630000000	8.6532412964E-10	-47.7263109939
2.0620000000	8.4401600000E-10	-46.3971810273
2.0610000000	8.4602079142E-10	-49.1849161251
2.0600000000	8.4602079142E-10	-49.1849161251
2.0590000000	8.4602079142E-10	-49.1849161251
2.0580000000	8.4602079142E-10	-49.1849161251
2.0570000000	8.2421376986E-10	-47.8624052261
2.0560000000	8.2421376986E-10	-47.8624052261
2.0550000000	8.2421376986E-10	-47.8624052261
2.0540000000	8.0497751645E-10	-49.3986513135
2.0530000000	8.0497751645E-10	-49.3986513135
2.0520000000	8.2421376986E-10	-47.8624052261
2.0510000000	8.0497751645E-10	-49.3986513135
2.0500000000	7.8310921750E-10	-48.0127331215
2.0490000000	8.0497751645E-10	-49.3986513135
2.0480000000	8.0497751645E-10	-49.3986513135
2.0470000000	8.0497751645E-10	-49.3986513135
2.0460000000	7.8634740746E-10	-51.0089493250
2.0450000000	7.4542673592E-10	-51.3401317259
2.0440000000	7.4542673592E-10	-51.3401317259
2.0430000000	7.4542673592E-10	-51.3401317259
2.0420000000	7.4200998641E-10	-48.1797725746
2.0410000000	7.6394599924E-10	-49.6354062816
2.0400000000	7.2759940000E-10	-53.1301653512
2.0390000000	7.2759940000E-10	-53.1301653512
2.0380000000	7.0453262313E-10	-51.7099006380
2.0370000000	7.1051861582E-10	-55.0080458638
2.0360000000	6.6367348685E-10	-52.1251374970
2.0350000000	6.8687847077E-10	-53.6157153377
2.0340000000	6.4621448145E-10	-54.1623989575
2.0330000000	6.4621448145E-10	-54.1623989575
2.0320000000	6.2961661798E-10	-56.3099829523
2.0310000000	6.1395040587E-10	-58.5704830485
2.0300000000	5.8931192428E-10	-57.0948098946
2.0290000000	6.1395040587E-10	-58.5704830485
2.0280000000	5.7402146733E-10	-59.5345056886
2.0270000000	5.7402146733E-10	-59.5345056886
2.0260000000	5.5982750152E-10	-62.1027768552
2.0250000000	5.3427929056E-10	-60.6422990325
2.0240000000	5.3427929056E-10	-60.6422990325
2.0230000000	5.0828042477E-10	-66.3706674515
2.0220000000	4.8175601549E-10	-64.9830562277
2.0210000000	4.7018858116E-10	-68.1985452571
2.0200000000	4.6017369642E-10	-71.5650118039
2.0190000000	4.2375967491E-10	-74.0545669545
2.0180000000	4.1670486547E-10	-77.9052275578
2.0170000000	3.8280336834E-10	-81.2538229441
2.0160000000	3.7946974127E-10	-85.6012795906
2.0150000000	3.7835200000E-10	90.0000000000
2.0140000000	3.5045857693E-10	85.2363420169
2.0130000000	3.5406545780E-10	80.5376618299
2.0120000000	3.3183662941E-10	74.7448979548
2.0110000000	3.1345967309E-10	68.1985905136
2.0100000000	3.2539261209E-10	63.4349488229
2.0090000000	3.1480789296E-10	56.3099324740
2.0080000000	3.2927417215E-10	45.0000000000
2.0070000000	3.5045856862E-10	41.6335393366
2.0060000000	3.7946973360E-10	32.4711922908
2.0050000000	4.1670586423E-10	24.7751405688
2.0040000000	4.3266112308E-10	19.6538685979
2.0030000000	4.8787289597E-10	17.3539896069
2.0020000000	5.3665221996E-10	12.5287845485
2.0010000000	5.5603114974E-10	6.0090162053
2.0000000000	6.1394956207E-10	5.4403413213
1.9990000000	6.9910107543E-10	2.3859556308
1.9980000000	7.2759900000E-10	0.0000000000
1.9970000000	7.5726249006E-10	-2.2026086303
1.9960000000	8.4601980067E-10	-3.9451976449
1.9950000000	9.0643692840E-10	-5.5275460373
1.9940000000	9.6746377369E-10	-6.9112128663
1.9930000000	1.0578072286E-9	-7.9071179949
1.9920000000	1.1531982924E-9	-10.1754757334
1.9910000000	1.2443468797E-9	-10.7842806365
1.9900000000	1.3356167753E-9	-11.3099324740
1.9890000000	1.4332038379E-9	-12.9074265313
1.9880000000	1.4965230387E-9	-13.4957332808
1.9870000000	1.6165111283E-9	-13.5359061441
1.9860000000	1.7435679056E-9	-14.5001514078
1.9850000000	1.8429944327E-9	-15.5726069278
1.9840000000	1.9349276978E-9	-15.7086342658
1.9830000000	2.0628948571E-9	-16.3895560081
1.9820000000	2.1911291753E-9	-16.9908080096
1.9810000000	2.3195777877E-9	-17.5255001899
1.9800000000	2.4758894334E-9	-17.7959951806
1.9790000000	2.6138564738E-9	-18.8384128122
1.9780000000	2.7610472382E-9	-18.4349094498
1.9770000000	2.9269429244E-9	-19.1556494283
1.9760000000	3.0835135170E-9	-19.2900462192
1.9750000000	3.2401007652E-9	-19.4115202150
1.9740000000	3.4338982509E-9	-19.8171751463
1.9730000000	3.5905388928E-9	-19.9038012760
1.9720000000	3.8118444547E-9	-20.0952415206
1.9710000000	3.9889524678E-9	-20.9473490198
1.9700000000	4.1728501643E-9	-20.8366044983
1.9690000000	4.3567621342E-9	-20.7352093397
1.9680000000	4.5510360236E-9	-20.9848237658
1.9670000000	4.7453798955E-9	-21.2140394140
1.9660000000	4.9940264119E-9	-21.1812639181
1.9650000000	5.2532521773E-9	-21.4478052120
1.9640000000	5.4855442791E-9	-21.8014094864
1.9630000000	5.7341501750E-9	-21.7473966678
1.9620000000	5.9935840963E-9	-21.9564342294
1.9610000000	6.2530874064E-9	-22.1480389306
1.9600000000	6.5395963578E-9	-22.2275752112
1.9590000000	6.8261076011E-9	-22.3004665367
1.9580000000	7.1506364089E-9	-22.4942752940
1.9570000000	7.4371830794E-9	-22.5509026148
1.9560000000	7.7506147205E-9	-22.5205506131
1.9550000000	8.0483882892E-9	-22.7632783470
1.9540000000	8.3731110667E-9	-22.9108601965
1.9530000000	8.6710970682E-9	-23.1227509484
1.9520000000	9.0494277457E-9	-23.1017456993
1.9510000000	9.4277687413E-9	-23.0824024839
1.9500000000	9.7793382421E-9	-23.1314223839
1.9490000000	1.0157677563E-8	-23.1123637727
1.9480000000	1.0585702599E-8	-23.3227080108
1.9470000000	1.0990771268E-8	-23.2384290602
1.9460000000	1.1380561346E-8	-23.3525794593
1.9450000000	1.1823901501E-8	-23.3467483267
1.9440000000	1.2252016964E-8	-23.5203462717
1.9430000000	1.2657064452E-8	-23.4407658664
1.9420000000	1.3046926965E-8	-23.5342915725
1.9410000000	1.3463584530E-8	-23.5726354254
1.9400000000	1.3933500352E-8	-23.5129580573
1.9390000000	1.4388465391E-8	-23.6094813788
1.9380000000	1.4870023516E-8	-23.6551382823
1.9370000000	1.5404996292E-8	-23.6108155778
1.9360000000	1.5898347343E-8	-23.7494615060
1.9350000000	1.6380027275E-8	-23.7866852689
1.9340000000	1.6888243134E-8	-23.7820135849
1.9330000000	1.7461551546E-8	-23.7879257562
1.9320000000	1.8061486586E-8	-23.7561902399
1.9310000000	1.8608172912E-8	-23.7986853646
1.9300000000	1.9166544972E-8	-23.9183626617
1.9290000000	1.9728071117E-8	-23.8423499384
1.9280000000	2.0327996363E-8	-23.8125466490
1.9270000000	2.0886374390E-8	-23.9219989040
1.9260000000	2.1498090871E-8	-23.9625133291
1.9250000000	2.2162994112E-8	-23.9395633311
1.9240000000	2.2827900702E-8	-23.9179502557
1.9230000000	2.3412933889E-8	-23.9842279641
1.9220000000	2.4116252812E-8	-23.9976237720
1.9210000000	2.4781158577E-8	-23.9761986764
1.9200000000	2.5457876734E-8	-24.0156415557
1.9190000000	2.6161222941E-8	-24.0272657463
1.9180000000	2.6956113534E-8	-24.0189890726
1.9170000000	2.7659327958E-8	-24.0297936478
1.9160000000	2.8309533571E-8	-24.0881500757
1.9150000000	2.8974403578E-8	-24.0676580360
1.9140000000	2.9612705269E-8	-24.0710293260
1.9130000000	3.0342626083E-8	-24.0573556081
1.9120000000	3.1084284392E-8	-24.0932151871
1.9110000000	3.1917656226E-8	-24.1111088752
1.9100000000	3.2739288137E-8	-24.0813116065
1.9090000000	3.3480994756E-8	-24.1142297784
1.9080000000	3.4210869091E-8	-24.1010275756
1.9070000000	3.5070763211E-8	-24.0975644128
1.9060000000	3.5981046206E-8	-24.1600977008
1.9050000000	3.6867623782E-8	-24.1369940841
1.9040000000	3.7727516431E-8	-24.1329550395
1.9030000000	3.8560894564E-8	-24.1469071649
1.9020000000	3.9394233959E-8	-24.1601362786
1.9010000000	4.0162512298E-8	-24.1691311927
1.9000000000	4.1049046354E-8	-24.1480585564
1.8990000000	4.2012451729E-8	-24.1680495726
1.8980000000	4.3040834642E-8	-24.1906167738
1.8970000000	4.3965779025E-8	-24.1897341071
1.8960000000	4.4890682443E-8	-24.1887713863
1.8950000000	4.5868723447E-8	-24.1581745146
1.8940000000	4.6923743009E-8	-24.1644989098
1.8930000000	4.7952165519E-8	-24.1849399078
1.8920000000	4.8968670213E-8	-24.1734673498
1.8910000000	4.9958586752E-8	-24.1760175050
1.8900000000	5.0948544344E-8	-24.1785711552
1.8890000000	5.1793818370E-8	-24.2174909347
1.8880000000	5.2745394204E-8	-24.2032727007
1.8870000000	5.3800326199E-8	-24.2079480206
1.8860000000	5.4843371404E-8	-24.1848119102
1.8850000000	5.5898301951E-8	-24.1896601541
1.8840000000	5.6926822467E-8	-24.2063827800
1.8830000000	5.8020230696E-8	-24.2250887394
1.8820000000	5.9063269027E-8	-24.2033029371
1.8810000000	6.0197967240E-8	-24.1734632724
1.8800000000	6.1471803888E-8	-24.2351485658
1.8790000000	6.2709974270E-8	-24.2216755369
1.8780000000	6.3818027881E-8	-24.2039573359
1.8770000000	6.4807945436E-8	-24.2054574543
1.8760000000	6.5875130561E-8	-24.2322980333
1.8750000000	6.7021616308E-8	-24.2276478694
1.8740000000	6.8194682412E-8	-24.2131994318
1.8730000000	6.9471331440E-8	-24.2134742571
1.8720000000	7.0644360626E-8	-24.1996882233
1.8710000000	7.1802913193E-8	-24.2170885035
1.8700000000	7.2999903621E-8	-24.2454921943
1.8690000000	7.4264566649E-8	-24.2246531910
1.8680000000	7.5529188964E-8	-24.2046123397
1.8670000000	7.6752758331E-8	-24.2228167056
1.8660000000	7.7923138077E-8	-24.2579825524
1.8650000000	7.9084249564E-8	-24.2258524744
1.8640000000	8.0139315356E-8	-24.2287298082
1.8630000000	8.1155770942E-8	-24.2211945065
1.8620000000	8.2290366041E-8	-24.1991477240
1.8610000000	8.3540432017E-8	-24.2077094523
1.8600000000	8.4749322155E-8	-24.2501895579
1.8590000000	8.5883992235E-8	-24.2286548313
1.8580000000	8.6992001635E-8	-24.2155076578
1.8570000000	8.8111990529E-8	-24.2200098042
1.8560000000	8.9439063719E-8	-24.2464802367
1.8550000000	9.0573603318E-8	-24.2260752774
1.8540000000	9.1746760533E-8	-24.2153303430
1.8530000000	9.2931723470E-8	-24.2211896847
1.8520000000	9.4104882089E-8	-24.2107749077
1.8510000000	9.5171794243E-8	-24.2293676110
1.8500000000	9.6279803176E-8	-24.2174805002
1.8490000000	9.7414399356E-8	-24.1988998394
1.8480000000	9.8649903871E-8	-24.2285503757
1.8470000000	9.9716784160E-8	-24.2460530579
1.8460000000	1.0075981252E-7	-24.2330656667
1.8450000000	1.0182943530E-7	-24.2135528169
1.8440000000	1.0296136418E-7	-24.2321957830
1.8430000000	1.0397781897E-7	-24.2262805193
1.8420000000	1.0508596101E-7	-24.2154494410
1.8410000000	1.0612633979E-7	-24.2385199750
1.8400000000	1.0709237758E-7	-24.2107155324
1.8390000000	1.0797884860E-7	-24.2024333372
1.8380000000	1.0891303698E-7	-24.2500937126
1.8370000000	1.0998241654E-7	-24.2319734334
1.8360000000	1.1101402143E-7	-24.2064481994
1.8350000000	1.1195090027E-7	-24.2195544557
1.8340000000	1.1284935624E-7	-24.2249673179
1.8330000000	1.1380074710E-7	-24.2183561244
1.8320000000	1.1476403574E-7	-24.2250591925
1.8310000000	1.1566511156E-7	-24.1981570851
1.8300000000	1.1659001485E-7	-24.1977195893
1.8290000000	1.1755076869E-7	-24.2361460363
1.8280000000	1.1834509259E-7	-24.2329770825
1.8270000000	1.1905166468E-7	-24.2028389444
1.8260000000	1.1996205293E-7	-24.2207329923
1.8250000000	1.2085800290E-7	-24.2566242519
1.8240000000	1.2169326213E-7	-24.2296988699
1.8230000000	1.2252688656E-7	-24.2333315631
1.8220000000	1.2337505645E-7	-24.2191059316
1.8210000000	1.2419674298E-7	-24.2105177570
1.8200000000	1.2495015341E-7	-24.2307978916
1.8190000000	1.2567964487E-7	-24.2266020505
1.8180000000	1.2655426762E-7	-24.2073912967
1.8170000000	1.2732305675E-7	-24.2097917364
1.8160000000	1.2794421248E-7	-24.2561886573
1.8150000000	1.2871467926E-7	-24.2295720066
1.8140000000	1.2947152962E-7	-24.2200575407
1.8130000000	1.3009780707E-7	-24.2084075469
1.8120000000	1.3070961170E-7	-24.2137545803
1.8110000000	1.3132137643E-7	-24.2190120016
1.8100000000	1.3197157054E-7	-24.2306156868
1.8090000000	1.3261235854E-7	-24.2025293248
1.8080000000	1.3326341596E-7	-24.2138854667
1.8070000000	1.3391014645E-7	-24.2533217121
1.8060000000	1.3464054600E-7	-24.2491082844
1.8050000000	1.3519003330E-7	-24.2253684200
1.8040000000	1.3569770942E-7	-24.2232788362
1.8030000000	1.3632142056E-7	-24.2394545174
1.8020000000	1.3692124385E-7	-24.2332785293
1.8010000000	1.3745627673E-7	-24.2260538042
1.8000000000	1.3802965661E-7	-24.2249252215
1.7990000000	1.3859109928E-7	-24.2128348511
1.7980000000	1.3921480333E-7	-24.2287211341
1.7970000000	1.3962865617E-7	-24.2571014274
1.7960000000	1.4019008237E-7	-24.2450200987
1.7950000000	1.4083085315E-7	-24.2185072399
1.7940000000	1.4148104685E-7	-24.2293333172
1.7930000000	1.4199900111E-7	-24.2640440888
1.7920000000	1.4251859258E-7	-24.2725455038
1.7910000000	1.4311844833E-7	-24.2665347520
1.7900000000	1.4378401088E-7	-24.2614494726
1.7890000000	1.4438637408E-7	-24.2297175154
1.7880000000	1.4511091844E-7	-24.2775062031
1.7870000000	1.4594459011E-7	-24.2803187223
1.7860000000	1.4666211156E-7	-24.2661140893
1.7850000000	1.4758701315E-7	-24.2653426038
1.7840000000	1.4865109506E-7	-24.3019622819
1.7830000000	1.4991066277E-7	-24.3408975838
1.7820000000	1.5109827079E-7	-24.3188454448
1.7810000000	1.5218022435E-7	-24.3151420391
1.7800000000	1.5353351135E-7	-24.3253297512
1.7790000000	1.5519991387E-7	-24.3302239911
1.7780000000	1.5685280115E-7	-24.3489142100
1.7770000000	1.5871706705E-7	-24.3326606034
1.7760000000	1.6077341212E-7	-24.3427582606
1.7750000000	1.6285468041E-7	-24.3711099620
1.7740000000	1.6504163487E-7	-24.3821110139
1.7730000000	1.6754412657E-7	-24.3657874858
1.7720000000	1.7013634533E-7	-24.3685057732
1.7710000000	1.7264603583E-7	-24.4047585742
1.7700000000	1.7514614068E-7	-24.4100776121
1.7690000000	1.7761013832E-7	-24.3895736507
1.7680000000	1.8056594642E-7	-24.4003511025
1.7670000000	1.8361533846E-7	-24.3875249644
1.7660000000	1.8676331265E-7	-24.4202638107
1.7650000000	1.8973026476E-7	-24.4381690181
1.7640000000	1.9284681985E-7	-24.4067940334
1.7630000000	1.9590826901E-7	-24.4024491562
1.7620000000	1.9914842464E-7	-24.4300803759
1.7610000000	2.0243079848E-7	-24.4242571503
1.7600000000	2.0579326458E-7	-24.4084659085
1.7590000000	2.0871064803E-7	-24.4135377143
1.7580000000	2.1155025277E-7	-24.4107227654
1.7570000000	2.1438981668E-7	-24.4079580482
1.7560000000	2.1745363778E-7	-24.3869054515
1.7550000000	2.2026533202E-7	-24.4044318523
1.7540000000	2.2275105724E-7	-24.4185161134
1.7530000000	2.2542395555E-7	-24.3944085220
1.7520000000	2.2791199682E-7	-24.3919242757
1.7510000000	2.3044908072E-7	-24.4157711654
1.7500000000	2.3269122596E-7	-24.4012501835
1.7490000000	2.3477968158E-7	-24.3728231395
1.7480000000	2.3658869709E-7	-24.3832640301
1.7470000000	2.3816385896E-7	-24.3883124118
1.7460000000	2.3980386336E-7	-24.3939033440
1.7450000000	2.4165607945E-7	-24.3765975178
1.7440000000	2.4311828917E-7	-24.3559517079
1.7430000000	2.4435392042E-7	-24.3671280192
1.7420000000	2.4562345190E-7	-24.4120045206
1.7410000000	2.4682768094E-7	-24.3741031860
1.7400000000	2.4802950391E-7	-24.3515382427
1.7390000000	2.4887047434E-7	-24.3890047229
1.7380000000	2.4975594848E-7	-24.3848138038
1.7370000000	2.5060395023E-7	-24.3772560586
1.7360000000	2.5132235960E-7	-24.3686167068
1.7350000000	2.5202790342E-7	-24.3541144932
1.7340000000	2.5283296511E-7	-24.3730240974
1.7330000000	2.5346783399E-7	-24.3874197173
1.7320000000	2.5379860672E-7	-24.3607573681
1.7310000000	2.5393070389E-7	-24.3472621800
1.7300000000	2.5408920368E-7	-24.4103070525
1.7290000000	2.5424857060E-7	-24.3940090565
1.7280000000	2.5442240567E-7	-24.3690873711
1.7270000000	2.5449917144E-7	-24.3755939001
1.7260000000	2.5469447829E-7	-24.3771729759
1.7250000000	2.5491323348E-7	-24.3909211812
1.7240000000	2.5497803279E-7	-24.3914739729
1.7230000000	2.5515187269E-7	-24.3666252644
1.7220000000	2.5547718773E-7	-24.3695263994
1.7210000000	2.5552507350E-7	-24.3932193616
1.7200000000	2.5545297390E-7	-24.4362699271
1.7190000000	2.5549866253E-7	-24.3959051917
1.7180000000	2.5561966323E-7	-24.3764686167
1.7170000000	2.5577075192E-7	-24.4039282449
1.7160000000	2.5576872820E-7	-24.4186483188
1.7150000000	2.5589832920E-7	-24.4197358837
1.7140000000	2.5618728386E-7	-24.4046411472
1.7130000000	2.5639948343E-7	-24.3831282543
1.7120000000	2.5648823285E-7	-24.3954804858
1.7110000000	2.5662869682E-7	-24.4170516773
1.7100000000	2.5683508814E-7	-24.4245690952
1.7090000000	2.5698490945E-7	-24.3881011930
1.7080000000	2.5702084529E-7	-24.4057649056
1.7070000000	2.5726120781E-7	-24.4455583623
1.7060000000	2.5753613925E-7	-24.4392596441
1.7050000000	2.5789078210E-7	-24.4246852258
1.7040000000	2.5808761255E-7	-24.4119123428
1.7030000000	2.5833573895E-7	-24.4081252139
1.7020000000	2.5849063696E-7	-24.4210243919
1.7010000000	2.5859141958E-7	-24.4391137699
1.7000000000	2.5849930639E-7	-24.4413316320
1.6990000000	2.5865863398E-7	-24.4252924012
1.6980000000	2.5890475271E-7	-24.4360427139
1.6970000000	2.5887357114E-7	-24.4673824476
1.6960000000	2.5889996714E-7	-24.4647243393
1.6950000000	2.5931650222E-7	-24.4653309837
1.6940000000	2.5955260557E-7	-24.4556836415
1.6930000000	2.5932087268E-7	-24.4364942639
1.6920000000	2.5928007005E-7	-24.4476307603
1.6910000000	2.5947250334E-7	-24.4637282159
1.6900000000	2.5944374053E-7	-24.4806913918
1.6890000000	2.5938327413E-7	-24.4513403774
1.6880000000	2.5926806941E-7	-24.4417966426
1.6870000000	2.5911646210E-7	-24.4925046985
1.6860000000	2.5903922301E-7	-24.4859475122
1.6850000000	2.5897441974E-7	-24.4854270287
1.6840000000	2.5888558357E-7	-24.4732242688
1.6830000000	2.5883755002E-7	-24.4498537315
1.6820000000	2.5861345104E-7	-24.4653707602
1.6810000000	2.5837499835E-7	-24.4894323310
1.6800000000	2.5837499835E-7	-24.4894323310
1.6790000000	2.5828811481E-7	-24.4626255725
1.6780000000	2.5812883446E-7	-24.4787108648
1.6770000000	2.5787604909E-7	-24.5113653129
1.6760000000	2.5766869701E-7	-24.5040400215
1.6750000000	2.5756740752E-7	-24.4857088092
1.6740000000	2.5728325274E-7	-24.4719505544
1.6730000000	2.5686435645E-7	-24.4858046317
1.6720000000	2.5661391328E-7	-24.5041576462
1.6710000000	2.5628898346E-7	-24.5016437060
1.6700000000	2.5582109809E-7	-24.4920550221
1.6690000000	2.5544105543E-7	-24.5094461655
1.6680000000	2.5521244624E-7	-24.5543197042
1.6670000000	2.5490603119E-7	-24.5138807548
1.6660000000	2.5432055762E-7	-24.5091567123
1.6650000000	2.5387763378E-7	-24.5113250065
1.6640000000	2.5361750678E-7	-24.5093187612
1.6630000000	2.5316023081E-7	-24.5201881750
1.6620000000	2.5275755080E-7	-24.5112483464
1.6610000000	2.5260347146E-7	-24.4980176934
1.6600000000	2.5231462731E-7	-24.5134337443
1.6590000000	2.5194665562E-7	-24.5370988592
1.6580000000	2.5134137914E-7	-24.5707728311
1.6570000000	2.5089326535E-7	-24.5226535710
1.6560000000	2.5055398558E-7	-24.5288919719
1.6550000000	2.5004305668E-7	-24.5455453228
1.6540000000	2.4953347418E-7	-24.5623802581
1.6530000000	2.4918401589E-7	-24.5475320825
1.6520000000	2.4874018899E-7	-24.5499091897
1.6510000000	2.4819541936E-7	-24.5335010654
1.6500000000	2.4755717413E-7	-24.5342682579
1.6490000000	2.4718697867E-7	-24.5734413596
1.6480000000	2.4683341703E-7	-24.5887648775
1.6470000000	2.4627881165E-7	-24.5511029057
1.6460000000	2.4573175158E-7	-24.5496433245
1.6450000000	2.4544071507E-7	-24.5806801811
1.6440000000	2.4523066179E-7	-24.5879710508
1.6430000000	2.4473766567E-7	-24.5810535729
1.6420000000	2.4426972147E-7	-24.5711635617
1.6410000000	2.4410353026E-7	-24.5513195665
1.6400000000	2.4377631837E-7	-24.5639710635
1.6390000000	2.4331635274E-7	-24.5909555102
1.6380000000	2.4288329825E-7	-24.6148796855
1.6370000000	2.4262760819E-7	-24.5822849686
1.6360000000	2.4226381293E-7	-24.5761314459
1.6350000000	2.4189595640E-7	-24.6008752052
1.6340000000	2.4159474011E-7	-24.6106293444
1.6330000000	2.4138733137E-7	-24.6028952491
1.6320000000	2.4102352676E-7	-24.5967411700
1.6310000000	2.4073925315E-7	-24.5821685123
1.6300000000	2.4062170380E-7	-24.5873794677
1.6290000000	2.4048894962E-7	-24.6018524402
1.6280000000	2.4017344925E-7	-24.6208358826
1.6270000000	2.4000452005E-7	-24.6164971957
1.6260000000	2.3990331965E-7	-24.5969940540
1.6250000000	2.3980996976E-7	-24.6148516381
1.6240000000	2.3958814579E-7	-24.6161914281
1.6230000000	2.3927510783E-7	-24.6198769120
1.6220000000	2.3928935164E-7	-24.6106498322
1.6210000000	2.3931571755E-7	-24.6077584064
1.6200000000	2.3912116831E-7	-24.6061009987
1.6190000000	2.3904116224E-7	-24.6148835356
1.6180000000	2.3907336899E-7	-24.6650552505
1.6170000000	2.3912816038E-7	-24.6436835847
1.6160000000	2.3902692128E-7	-24.6241204484
1.6150000000	2.3897419698E-7	-24.6299145365
1.6140000000	2.3914029579E-7	-24.6500206442
1.6130000000	2.3913822105E-7	-24.6655921422
1.6120000000	2.3904701517E-7	-24.6679559257
1.6110000000	2.3902273074E-7	-24.6552780383
1.6100000000	2.3929726501E-7	-24.6481060155
1.6090000000	2.3949482097E-7	-24.6340799935
1.6080000000	2.3941068471E-7	-24.6739656015
1.6070000000	2.3952606376E-7	-24.6841887846
1.6060000000	2.3976414807E-7	-24.6580420664
1.6050000000	2.3992144992E-7	-24.6563007983
1.6040000000	2.3990719507E-7	-24.6654845704
1.6030000000	2.4006316991E-7	-24.6636221617
1.6020000000	2.4033370777E-7	-24.6875248500
1.6010000000	2.4049272372E-7	-24.6701111423
1.6000000000	2.4049272372E-7	-24.6701111423
1.5990000000	2.4075502541E-7	-24.6566291547
1.5980000000	2.4095941390E-7	-24.6798472291
1.5970000000	2.4100829040E-7	-24.7051213230
1.5960000000	2.4110156413E-7	-24.6873391536
1.5950000000	2.4131114546E-7	-24.6796212965
1.5940000000	2.4167498714E-7	-24.6856432814
1.5930000000	2.4174070685E-7	-24.6860483485
1.5920000000	2.4183186785E-7	-24.6836825434
1.5910000000	2.4208990261E-7	-24.7009380320
1.5900000000	2.4218318175E-7	-24.6832368909
1.5890000000	2.4211837076E-7	-24.6827329798
1.5880000000	2.4224629044E-7	-24.6992844580
1.5870000000	2.4235959714E-7	-24.7246980516
1.5860000000	2.4250644546E-7	-24.7011809969
1.5850000000	2.4248221381E-7	-24.6887302483
1.5840000000	2.4263606882E-7	-24.7021770826
1.5830000000	2.4282973289E-7	-24.7190773255
1.5820000000	2.4285399244E-7	-24.7315072269
1.5810000000	2.4271132785E-7	-24.7244084258
1.5800000000	2.4288241951E-7	-24.7133558644
1.5790000000	2.4326007670E-7	-24.7100136611
1.5780000000	2.4319317368E-7	-24.7247886757
1.5770000000	2.4292523485E-7	-24.7842830917
1.5760000000	2.4287826342E-7	-24.7439346446
1.5750000000	2.4290667379E-7	-24.7257836412
1.5740000000	2.4281345021E-7	-24.7434483776
1.5730000000	2.4279630345E-7	-24.7679215572
1.5720000000	2.4286202554E-7	-24.7683024887
1.5710000000	2.4296735949E-7	-24.7568422229
1.5700000000	2.4281345021E-7	-24.7434483776
1.5690000000	2.4252695171E-7	-24.7444669438
1.5680000000	2.4258971402E-7	-24.7602613592
1.5670000000	2.4271371555E-7	-24.8073404041
1.5660000000	2.4257350560E-7	-24.7846592801
1.5650000000	2.4225217509E-7	-24.7515021914
1.5640000000	2.4194945491E-7	-24.7769929872
1.5630000000	2.4186955849E-7	-24.7857293133
1.5620000000	2.4163662909E-7	-24.7809368705
1.5610000000	2.4140077793E-7	-24.7916181488
1.5600000000	2.4142870531E-7	-24.7731349788
1.5590000000	2.4130111433E-7	-24.7567822037
1.5580000000	2.4120905807E-7	-24.7592803204
1.5570000000	2.4150208720E-7	-24.8108325406
1.5560000000	2.4168527344E-7	-24.8059044584
1.5550000000	2.4168928950E-7	-24.7751736833
1.5540000000	2.4157090665E-7	-24.7805574440
1.5530000000	2.4151425772E-7	-24.8170773518
1.5520000000	2.4150208720E-7	-24.8108325406
1.5510000000	2.4143727163E-7	-24.8103614607
1.5500000000	2.4120500613E-7	-24.7900720159
1.5490000000	2.4125766266E-7	-24.7842965242
1.5480000000	2.4137445091E-7	-24.7945046660
1.5470000000	2.4125211568E-7	-24.8306913009
1.5460000000	2.4117316137E-7	-24.8393708744
1.5450000000	2.4122933097E-7	-24.8025784841
1.5440000000	2.4129456577E-7	-24.8032676085
1.5430000000	2.4118534500E-7	-24.8456227611
1.5420000000	2.4095148711E-7	-24.8409745065
1.5410000000	2.4110834482E-7	-24.8389068237
1.5400000000	2.4117512287E-7	-24.8239724560
1.5390000000	2.4111030684E-7	-24.8235042696
1.5380000000	2.4114880272E-7	-24.8268652060
1.5370000000	2.4131497858E-7	-24.8465467093
1.5360000000	2.4144118047E-7	-24.8784480370
1.5350000000	2.4149815185E-7	-24.8415877192
1.5340000000	2.4164234107E-7	-24.8335990393
1.5330000000	2.4204088613E-7	-24.8734139687
1.5320000000	2.4223624655E-7	-24.8746728237
1.5310000000	2.4225036088E-7	-24.8655650952
1.5300000000	2.4230106431E-7	-24.8751251466
1.5290000000	2.4279895785E-7	-24.8508240133
1.5280000000	2.4315068502E-7	-24.8503524635
1.5270000000	2.4318725956E-7	-24.8689520770
1.5260000000	2.4345627006E-7	-24.9075742614
1.5250000000	2.4391510894E-7	-24.8803205333
1.5240000000	2.4434817589E-7	-24.8557158531
1.5230000000	2.4469230090E-7	-24.9159491057
1.5220000000	2.4523662618E-7	-24.9318401514
1.5210000000	2.4577149234E-7	-24.9263213578
1.5200000000	2.4613874920E-7	-24.9014811800
1.5190000000	2.4619226541E-7	-24.8956996409
1.5180000000	2.4650081865E-7	-24.9221239733
1.5170000000	2.4700753473E-7	-24.9345238925
1.5160000000	2.4728553423E-7	-24.8971732798
1.5150000000	2.4764759694E-7	-24.9177267808
1.5140000000	2.4830840211E-7	-24.9430683801
1.5130000000	2.4889585734E-7	-24.9319641356
1.5120000000	2.4929975625E-7	-24.9255621969
1.5110000000	2.4967683585E-7	-24.9369710717
1.5100000000	2.5052357403E-7	-24.9276387059
1.5090000000	2.5138201879E-7	-24.9392481430
1.5080000000	2.5186386728E-7	-24.9392042866
1.5070000000	2.5232077984E-7	-24.9275199446
1.5060000000	2.5326850610E-7	-24.9513612599
1.5050000000	2.5415103267E-7	-24.9744148104
1.5040000000	2.5489896241E-7	-24.9323211969
1.5030000000	2.5562644280E-7	-24.9427851281
1.5020000000	2.5657239566E-7	-24.9807381552
1.5010000000	2.5735248597E-7	-24.9855417648
1.5000000000	2.5796619381E-7	-24.9720105976
1.4990000000	2.5876304800E-7	-24.9538362670
1.4980000000	2.5965962427E-7	-24.9678909505
1.4970000000	2.6047510024E-7	-25.0044818711
1.4960000000	2.6122112571E-7	-24.9775388749
1.4950000000	2.6212314267E-7	-24.9488739465
1.4940000000	2.6318385923E-7	-25.0090549529
1.4930000000	2.6396438289E-7	-25.0138512624
1.4920000000	2.6474850157E-7	-24.9900783722
1.4910000000	2.6576470750E-7	-24.9850103093
1.4900000000	2.6683260563E-7	-24.9885495581
1.4890000000	2.6742781561E-7	-25.0116126633
1.4880000000	2.6817204527E-7	-24.9991976330
1.4870000000	2.6914928791E-7	-24.9909797928
1.4860000000	2.6988599934E-7	-25.0340280580
1.4850000000	2.7057501183E-7	-25.0406749684
1.4840000000	2.7129643850E-7	-25.0035352165
1.4830000000	2.7234766982E-7	-25.0287640206
1.4820000000	2.7329515516E-7	-25.0503172018
1.4810000000	2.7390879347E-7	-25.0374284802
1.4800000000	2.7461445213E-7	-25.0223133924
1.4790000000	2.7548262502E-7	-25.0516475216
1.4780000000	2.7628991844E-7	-25.0532873682
1.4770000000	2.7695267150E-7	-25.0622738538
1.4760000000	2.7782821714E-7	-25.0374876276
1.4750000000	2.7895832984E-7	-25.0544282194
1.4740000000	2.7977329357E-7	-25.1014316153
1.4730000000	2.8028216245E-7	-25.0854336167
1.4720000000	2.8096318844E-7	-25.0598274187
1.4710000000	2.8179122548E-7	-25.0987257599
1.4700000000	2.8241710806E-7	-25.0914480513
1.4690000000	2.8282351525E-7	-25.0723588340
1.4680000000	2.8364094689E-7	-25.0925663614
1.4670000000	2.8463822015E-7	-25.1343768823
1.4660000000	2.8504498105E-7	-25.1155572096
1.4650000000	2.8550130844E-7	-25.1047669130
1.4640000000	2.8636113020E-7	-25.1012757236
1.4630000000	2.8700876263E-7	-25.1306568130
1.4620000000	2.8747458323E-7	-25.1511703008
1.4610000000	2.8785626342E-7	-25.1218805682
1.4600000000	2.8855926651E-7	-25.1202453273
1.4590000000	2.8930875778E-7	-25.1652743719
1.4580000000	2.8972487007E-7	-25.1646311659
1.4570000000	2.9016856068E-7	-25.1616496995
1.4560000000	2.9093798136E-7	-25.1474779100
1.4550000000	2.9149740182E-7	-25.1527489250
1.4540000000	2.9184752167E-7	-25.1647189464
1.4530000000	2.9241928515E-7	-25.1750832350
1.4520000000	2.9313619318E-7	-25.1658048696
1.4510000000	2.9363037007E-7	-25.1705170895
1.4500000000	2.9388433686E-7	-25.2226552776
1.4490000000	2.9448500996E-7	-25.2050276781
1.4480000000	2.9517967976E-7	-25.1728886013
1.4470000000	2.9561779103E-7	-25.2077257848
1.4460000000	2.9597732111E-7	-25.2496419468
1.4450000000	2.9653978267E-7	-25.2295788356
1.4440000000	2.9724276907E-7	-25.2277366537
1.4430000000	2.9784233405E-7	-25.2229425184
1.4420000000	2.9819210179E-7	-25.2344016071
1.4410000000	2.9869803907E-7	-25.2567346003
1.4400000000	2.9938971838E-7	-25.2372427653
1.4390000000	2.9975378949E-7	-25.2414209016
1.4380000000	3.0011490380E-7	-25.2703421898
1.4370000000	3.0089599708E-7	-25.2736185046
1.4360000000	3.0169150308E-7	-25.2573149280
1.4350000000	3.0222328265E-7	-25.2768317606
1.4340000000	3.0276802299E-7	-25.2890541751
1.4330000000	3.0343329497E-7	-25.2844192227
1.4320000000	3.0393943318E-7	-25.2939727919
1.4310000000	3.0429258075E-7	-25.2808768223
1.4300000000	3.0472053348E-7	-25.2971474131
1.4290000000	3.0541968671E-7	-25.3318544088
1.4280000000	3.0616127425E-7	-25.3324142848
1.4270000000	3.0651536418E-7	-25.3070814343
1.4260000000	3.0707247568E-7	-25.3361560151
1.4250000000	3.0777040898E-7	-25.3825785200
1.4240000000	3.0826511031E-7	-25.3747491165
1.4230000000	3.0865862763E-7	-25.3520210301
1.4220000000	3.0928434564E-7	-25.3448630172
1.4210000000	3.0997257772E-7	-25.3621246501
1.4200000000	3.1068661069E-7	-25.3768509449
1.4190000000	3.1120885187E-7	-25.3669039622
1.4180000000	3.1181942827E-7	-25.3787846505
1.4170000000	3.1264721120E-7	-25.4248799280
1.4160000000	3.1323511893E-7	-25.4031290097
1.4150000000	3.1394030069E-7	-25.3890856025
1.4140000000	3.1506958649E-7	-25.4146130102
1.4130000000	3.1609335963E-7	-25.4609058307
1.4120000000	3.1671983794E-7	-25.4418087318
1.4110000000	3.1740905566E-7	-25.4465895641
1.4100000000	3.1858180058E-7	-25.4390427589
1.4090000000	3.1946685034E-7	-25.4445693171
1.4080000000	3.2015234032E-7	-25.4841118921
1.4070000000	3.2100079322E-7	-25.4637364324
1.4060000000	3.2221343379E-7	-25.4471222646
1.4050000000	3.2322443838E-7	-25.4874888269
1.4040000000	3.2381979604E-7	-25.5172491641
1.4030000000	3.2471813343E-7	-25.5154917878
1.4020000000	3.2567091985E-7	-25.4978666432
1.4010000000	3.2638633776E-7	-25.5002061129
1.4000000000	3.2701074716E-7	-25.5045123423
1.3990000000	3.2760615417E-7	-25.5338977839
1.3980000000	3.2859522969E-7	-25.5413694126
1.3970000000	3.2928682486E-7	-25.5232066551
1.3960000000	3.2961000434E-7	-25.5468538989
1.3950000000	3.3019079270E-7	-25.5938937909
1.3940000000	3.3062364221E-7	-25.5635405155
1.3930000000	3.3098853621E-7	-25.5555857910
1.3920000000	3.3112890295E-7	-25.5831015768
1.3910000000	3.3149309916E-7	-25.5864997568
1.3900000000	3.3196128460E-7	-25.5922031600
1.3890000000	3.3220833989E-7	-25.5997151821
1.3880000000	3.3237604658E-7	-25.6137723522
1.3870000000	3.3298583677E-7	-25.6356013699
1.3860000000	3.3358061199E-7	-25.6753629523
1.3850000000	3.3386801755E-7	-25.6626964798
1.3840000000	3.3402576401E-7	-25.6496965456
1.3830000000	3.3441208660E-7	-25.6952770823
1.3820000000	3.3487986643E-7	-25.7010070489
1.3810000000	3.3499885793E-7	-25.6857085871
1.3800000000	3.3501142855E-7	-25.6901782528
1.3790000000	3.3538823495E-7	-25.6978851639
1.3780000000	3.3567364515E-7	-25.7074019890
1.3770000000	3.3578925245E-7	-25.7255553485
1.3760000000	3.3610176132E-7	-25.7218374928
1.3750000000	3.3645341750E-7	-25.7205862299
1.3740000000	3.3648976145E-7	-25.7561667028
1.3730000000	3.3650056835E-7	-25.7826943343
1.3720000000	3.3656720377E-7	-25.7607689144
1.3710000000	3.3661944047E-7	-25.7564783375
1.3700000000	3.3651318318E-7	-25.7871404242
1.3690000000	3.3628907196E-7	-25.8220556419
1.3680000000	3.3661631526E-7	-25.8007772210
1.3670000000	3.3699363541E-7	-25.7971465127
1.3660000000	3.3698014816E-7	-25.8037317115
1.3650000000	3.3682350615E-7	-25.8166156285
1.3640000000	3.3709310532E-7	-25.8660184688
1.3630000000	3.3724809545E-7	-25.8751538419
1.3620000000	3.3692504111E-7	-25.8522837872
1.3610000000	3.3680519291E-7	-25.8897675819
1.3600000000	3.3685737274E-7	-25.8854600429
1.3590000000	3.3672602716E-7	-25.8963057075
1.3580000000	3.3651764521E-7	-25.9023641704
1.3570000000	3.3630806785E-7	-25.9197047091
1.3560000000	3.3639899274E-7	-25.9176700811
1.3550000000	3.3620374040E-7	-25.9283458274
1.3540000000	3.3594275839E-7	-25.9389877469
1.3530000000	3.3608583822E-7	-25.9326209387
1.3520000000	3.3630568418E-7	-25.9640458953
1.3510000000	3.3614685443E-7	-26.0104151813
1.3500000000	3.3580987825E-7	-25.9832273871
1.3490000000	3.3578447203E-7	-25.9743310303
1.3480000000	3.3608111278E-7	-26.0103829297
1.3470000000	3.3593746953E-7	-26.0278422323
1.3460000000	3.3566327244E-7	-26.0451906094
1.3450000000	3.3583294382E-7	-26.0255385806
1.3440000000	3.3592354410E-7	-26.0455171247
1.3430000000	3.3562448439E-7	-26.0429164137
1.3420000000	3.3538924196E-7	-26.0513364385
1.3410000000	3.3568817109E-7	-26.0651523788
1.3400000000	3.3583060159E-7	-26.0697898920
1.3390000000	3.3569780989E-7	-26.1251632847
1.3380000000	3.3565850913E-7	-26.1339672266
1.3370000000	3.3585545871E-7	-26.1009552208
1.3360000000	3.3584166554E-7	-26.1186374430
1.3350000000	3.3544932435E-7	-26.1627256433
1.3340000000	3.3552651256E-7	-26.1783212493
1.3330000000	3.3583974930E-7	-26.1520537737
1.3320000000	3.3587810405E-7	-26.1653753726
1.3310000000	3.3573475355E-7	-26.1941308505
1.3300000000	3.3576077560E-7	-26.1919464276
1.3290000000	3.3591526990E-7	-26.2230881119
1.3280000000	3.3607226786E-7	-26.2099049390
1.3270000000	3.3586402940E-7	-26.2053360626
1.3260000000	3.3595344496E-7	-26.2586697513
1.3250000000	3.3620089257E-7	-26.2543985209
1.3240000000	3.3612268619E-7	-26.2389270498
1.3230000000	3.3609596642E-7	-26.2632215687
1.3220000000	3.3631583174E-7	-26.3167515666
1.3210000000	3.3653725877E-7	-26.3146307606
1.3200000000	3.3652440407E-7	-26.3102049486
1.3190000000	3.3643328340E-7	-26.3233882475
1.3180000000	3.3648527010E-7	-26.3190088275
1.3170000000	3.3665348531E-7	-26.3546003546
1.3160000000	3.3661416945E-7	-26.3744435114
1.3150000000	3.3651092145E-7	-26.3500947853
1.3140000000	3.3669234322E-7	-26.3790539993
1.3130000000	3.3680856042E-7	-26.4077994112
1.3120000000	3.3652230821E-7	-26.4099499154
1.3110000000	3.3632687538E-7	-26.4099359754
1.3100000000	3.3643148932E-7	-26.4121167656
1.3090000000	3.3635251795E-7	-26.4298309355
1.3080000000	3.3609209249E-7	-26.4408571356
1.3070000000	3.3594922272E-7	-26.4584994126
1.3060000000	3.3604016060E-7	-26.4452605197
1.3050000000	3.3597496429E-7	-26.4784130190
1.3040000000	3.3559720462E-7	-26.5273333838
1.3030000000	3.3554496586E-7	-26.5094584025
1.3020000000	3.3559694297E-7	-26.4939675751
1.3010000000	3.3507620090E-7	-26.5272747371
1.3000000000	3.3449027930E-7	-26.5605315132
