2.3000000000	9.6746106624E-10	-43.7811657415
2.2990000000	9.4666324494E-10	-45.0000000000
2.2980000000	9.6746106624E-10	-43.7811657415
2.2970000000	9.4755685210E-10	-42.5104879369
2.2960000000	9.4666324494E-10	-45.0000000000
2.2950000000	9.6746106624E-10	-46.2188342585
2.2940000000	9.4666324494E-10	-45.0000000000
2.2930000000	9.6746106624E-10	-43.7811657415
2.2920000000	9.6746106624E-10	-43.7811657415
2.2910000000	9.6746106624E-10	-43.7811657415
2.2900000000	9.8782110225E-10	-45.0000000000
2.2890000000	9.6746106624E-10	-46.2188342585
2.2880000000	9.6746106624E-10	-43.7811657415
2.2870000000	9.6746106624E-10	-43.7811657415
2.2860000000	9.6746106624E-10	-43.7811657415
2.2850000000	9.8782110225E-10	-45.0000000000
2.2840000000	9.4666324494E-10	-45.0000000000
2.2830000000	9.6746106624E-10	-43.7811657415
2.2820000000	9.4666324494E-10	-45.0000000000
2.2810000000	9.6746106624E-10	-43.7811657415
2.2800000000	9.4666324494E-10	-45.0000000000
2.2790000000	9.2631224358E-10	-43.7269699799
2.2780000000	9.4666324494E-10	-45.0000000000
2.2770000000	9.4666324494E-10	-45.0000000000
2.2760000000	9.4666324494E-10	-45.0000000000
2.2750000000	9.2631224358E-10	-43.7269699799
2.2740000000	9.2631224358E-10	-43.7269699799
2.2730000000	9.4666324494E-10	-45.0000000000
2.2720000000	9.2631224358E-10	-43.7269699799
2.2710000000	9.2631224358E-10	-43.7269699799
2.2700000000	9.2631224358E-10	-43.7269699799
2.2690000000	9.2631224358E-10	-43.7269699799
2.2680000000	9.4666324494E-10	-45.0000000000
2.2670000000	9.4666324494E-10	-45.0000000000
2.2660000000	9.4666324494E-10	-45.0000000000
2.2650000000	9.4666324494E-10	-45.0000000000
2.2640000000	9.2631224358E-10	-43.7269699799
2.2630000000	9.4666324494E-10	-45.0000000000
2.2620000000	9.4666324494E-10	-45.0000000000
2.2610000000	9.2631224358E-10	-43.7269699799
2.2600000000	9.4666324494E-10	-45.0000000000
2.2590000000	9.4666324494E-10	-45.0000000000
2.2580000000	9.2631224358E-10	-43.7269699799
2.2570000000	9.6746106624E-10	-43.7811657415
2.2560000000	9.2631224358E-10	-43.7269699799
2.2550000000	9.2631224358E-10	-43.7269699799
2.2540000000	9.2631224358E-10	-43.7269699799
2.2530000000	9.2631224358E-10	-43.7269699799
2.2520000000	9.2631224358E-10	-43.7269699799
2.2510000000	9.2631224358E-10	-43.7269699799
2.2500000000	9.2631224358E-10	-43.7269699799
2.2490000000	9.2631224358E-10	-46.2730300201
2.2480000000	9.2631224358E-10	-43.7269699799
2.2470000000	9.4666324494E-10	-45.0000000000
2.2460000000	9.4666324494E-10	-45.0000000000
2.2450000000	9.2631224358E-10	-43.7269699799
2.2440000000	9.2631224358E-10	-43.7269699799
2.2430000000	9.2631224358E-10	-43.7269699799
2.2420000000	9.4666324494E-10	-45.0000000000
2.2410000000	9.4666324494E-10	-45.0000000000
2.2400000000	9.2631224358E-10	-43.7269699799
2.2390000000	9.2631224358E-10	-43.7269699799
2.2380000000	9.2631224358E-10	-43.7269699799
2.2370000000	9.4666324494E-10	-45.0000000000
2.2360000000	9.4666324494E-10	-45.0000000000
2.2350000000	9.2631224358E-10	-43.7269699799
2.2340000000	9.2631224358E-10	-43.7269699799
2.2330000000	9.2631224358E-10	-43.7269699799
2.2320000000	9.2631224358E-10	-43.7269699799
2.2310000000	9.2631224358E-10	-43.7269699799
2.2300000000	9.2631224358E-10	-43.7269699799
2.2290000000	9.2631224358E-10	-43.7269699799
2.2280000000	9.2631224358E-10	-43.7269699799
2.2270000000	9.4666324494E-10	-45.0000000000
2.2260000000	9.2631224358E-10	-43.7269699799
2.2250000000	9.2631224358E-10	-43.7269699799
2.2240000000	9.2631224358E-10	-43.7269699799
2.2230000000	9.2631224358E-10	-43.7269699799
2.2220000000	9.2631224358E-10	-43.7269699799
2.2210000000	9.2631224358E-10	-43.7269699799
2.2200000000	9.2631224358E-10	-43.7269699799
2.2190000000	9.0550397342E-10	-45.0000000000
2.2180000000	9.2631224358E-10	-43.7269699799
2.2170000000	9.2631224358E-10	-43.7269699799
2.2160000000	9.2631224358E-10	-43.7269699799
2.2150000000	9.0550397342E-10	-45.0000000000
2.2140000000	9.2631224358E-10	-46.2730300201
2.2130000000	9.2631224358E-10	-43.7269699799
2.2120000000	9.0550397342E-10	-45.0000000000
2.2110000000	9.2631224358E-10	-43.7269699799
2.2100000000	9.2631224358E-10	-43.7269699799
2.2090000000	9.2631224358E-10	-43.7269699799
2.2080000000	9.0550397342E-10	-45.0000000000
2.2070000000	9.0550397342E-10	-45.0000000000
2.2060000000	9.2631224358E-10	-43.7269699799
2.2050000000	9.2631224358E-10	-43.7269699799
2.2040000000	9.0550397342E-10	-45.0000000000
2.2030000000	9.2631224358E-10	-43.7269699799
2.2020000000	9.2631224358E-10	-43.7269699799
2.2010000000	9.0550397342E-10	-45.0000000000
2.2000000000	9.0550397342E-10	-45.0000000000
2.1990000000	9.0550397342E-10	-45.0000000000
2.1980000000	9.2631224358E-10	-43.7269699799
2.1970000000	9.2631224358E-10	-43.7269699799
2.1960000000	9.0550397342E-10	-45.0000000000
2.1950000000	9.2631224358E-10	-43.7269699799
2.1940000000	9.2631224358E-10	-43.7269699799
2.1930000000	9.0550397342E-10	-45.0000000000
2.1920000000	9.0550397342E-10	-45.0000000000
2.1910000000	9.0550397342E-10	-45.0000000000
2.1900000000	9.0550397342E-10	-45.0000000000
2.1890000000	9.0550397342E-10	-45.0000000000
2.1880000000	9.0550397342E-10	-45.0000000000
2.1870000000	9.0550397342E-10	-45.0000000000
2.1860000000	9.0550397342E-10	-45.0000000000
2.1850000000	9.0550397342E-10	-45.0000000000
2.1840000000	8.8516360341E-10	-43.6677801461
2.1830000000	9.0550397342E-10	-45.0000000000
2.1820000000	9.0550397342E-10	-45.0000000000
2.1810000000	9.0550397342E-10	-45.0000000000
2.1800000000	8.8516360341E-10	-43.6677801461
2.1790000000	8.8516360341E-10	-43.6677801461
2.1780000000	9.0550397342E-10	-45.0000000000
2.1770000000	8.8516360341E-10	-46.3322198539
2.1760000000	8.8516360341E-10	-46.3322198539
2.1750000000	8.6434470191E-10	-45.0000000000
2.1740000000	8.6434470191E-10	-45.0000000000
2.1730000000	8.6434470191E-10	-45.0000000000
2.1720000000	8.6434470191E-10	-45.0000000000
2.1710000000	8.6434470191E-10	-45.0000000000
2.1700000000	8.6434470191E-10	-45.0000000000
2.1690000000	8.6434470191E-10	-45.0000000000
2.1680000000	8.4401600000E-10	-46.3971810273
2.1670000000	8.4401600000E-10	-46.3971810273
2.1660000000	8.4401600000E-10	-46.3971810273
2.1650000000	8.6434470191E-10	-45.0000000000
2.1640000000	8.4401600000E-10	-46.3971810273
2.1630000000	8.2318543039E-10	-45.0000000000
2.1620000000	8.0286959276E-10	-46.4688007144
2.1610000000	8.0286959276E-10	-46.4688007144
2.1600000000	8.0286959276E-10	-46.4688007144
2.1590000000	8.2421376986E-10	-47.8624052261
2.1580000000	8.2421376986E-10	-47.8624052261
2.1570000000	8.0286959276E-10	-46.4688007144
2.1560000000	7.8310921750E-10	-48.0127331215
2.1550000000	8.0286959276E-10	-46.4688007144
2.1540000000	7.8310921750E-10	-48.0127331215
2.1530000000	7.8310921750E-10	-48.0127331215
2.1520000000	7.8310921750E-10	-48.0127331215
2.1510000000	7.6394599924E-10	-49.6354062816
2.1500000000	7.4200998641E-10	-48.1797725746
2.1490000000	7.4200998641E-10	-48.1797725746
2.1480000000	7.4200998641E-10	-48.1797725746
2.1470000000	7.2292900675E-10	-49.8990318307
2.1460000000	7.4200998641E-10	-48.1797725746
2.1450000000	7.2292900675E-10	-49.8990318307
2.1440000000	7.0091854902E-10	-48.3664538750
2.1430000000	6.8192864774E-10	-50.1945472423
2.1420000000	6.8192864774E-10	-50.1945472423
2.1410000000	6.6367348685E-10	-52.1251374970
2.1400000000	6.6367348685E-10	-52.1251374970
2.1390000000	6.6367348685E-10	-52.1251374970
2.1380000000	6.2285359376E-10	-52.5946992474
2.1370000000	6.2285359376E-10	-52.5946992474
2.1360000000	6.0561582613E-10	-54.7824615903
2.1350000000	5.8931192428E-10	-57.0948098946
2.1340000000	5.8931192428E-10	-57.0948098946
2.1330000000	5.6509828611E-10	-55.4915344532
2.1320000000	5.7402146733E-10	-59.5345056886
2.1310000000	5.3427929056E-10	-60.6422990325
2.1300000000	5.0911121435E-10	-59.0361855662
2.1290000000	4.9476711765E-10	-61.9274585684
2.1280000000	4.5554876249E-10	-63.4348925755
2.1270000000	4.5554876249E-10	-63.4348925755
2.1260000000	4.4329800180E-10	-66.8013585727
2.1250000000	4.1670586423E-10	-65.2248594312
2.1240000000	4.0537181242E-10	-68.9624889746
2.1230000000	3.9585719769E-10	-72.8972710309
2.1220000000	3.5999657413E-10	-75.9637719725
2.1210000000	3.5406545780E-10	-80.5376618299
2.1200000000	3.5045857693E-10	-85.2363420169
2.1190000000	3.2014400000E-10	90.0000000000
2.1180000000	2.9249159003E-10	84.2893873709
2.1170000000	2.9249159003E-10	84.2893873709
2.1160000000	2.9680374746E-10	78.6900485966
2.1150000000	3.1345967309E-10	68.1985905136
2.1140000000	2.9964401962E-10	60.9453959009
2.1130000000	2.9104000000E-10	53.1301023542
2.1120000000	3.0937976373E-10	48.8140748343
2.1110000000	3.5045856862E-10	41.6335393366
2.1100000000	3.3940804790E-10	30.9637565321
2.1090000000	3.5166497002E-10	24.4439547804
2.1080000000	4.0537181242E-10	21.0375110254
2.1070000000	4.2375967491E-10	15.9454330455
2.1060000000	4.7999643465E-10	14.0362145172
2.1050000000	5.0241390431E-10	10.0079487522
2.1040000000	5.2709686305E-10	6.3401905455
2.1030000000	5.8280715081E-10	2.8624150448
2.1020000000	6.4094911778E-10	2.6025711325
2.1010000000	6.9849500000E-10	0.0000000000
2.1000000000	7.2818085215E-10	-2.2906210495
2.0990000000	7.8634578265E-10	-2.1211063748
2.0980000000	8.4851911476E-10	-5.9061413454
2.0970000000	9.0970172163E-10	-7.3523954799
2.0960000000	9.9636146023E-10	-6.7098300888
2.0950000000	1.0334993909E-9	-9.7275785514
2.0940000000	1.1245579134E-9	-10.4374938114
2.0930000000	1.1872149114E-9	-11.3099324740
2.0920000000	1.2501195483E-9	-12.0947378706
2.0910000000	1.3416281094E-9	-12.5288077092
2.0900000000	1.4048541678E-9	-13.1725348352
2.0890000000	1.5035814830E-9	-14.5742161980
2.0880000000	1.5954173990E-9	-14.7967458669
2.0870000000	1.6872750199E-9	-14.9950814721
2.0860000000	1.7590456629E-9	-16.3360924699
2.0850000000	1.8510199987E-9	-16.4404442514
2.0840000000	1.9430091951E-9	-16.5348042882
2.0830000000	2.0157597671E-9	-17.6500725105
2.0820000000	2.1355276915E-9	-17.4471884233
2.0810000000	2.2275476017E-9	-17.4880128351
2.0800000000	2.3653171564E-9	-18.6578500250
2.0790000000	2.4573495200E-9	-18.6495166622
2.0780000000	2.5863323429E-9	-19.0465744394
2.0770000000	2.6783599916E-9	-19.0255516433
2.0760000000	2.8074393921E-9	-19.3742053554
2.0750000000	2.9738782238E-9	-20.0310390780
2.0740000000	3.1032296213E-9	-20.3045083420
2.0730000000	3.2326366916E-9	-20.5561489424
2.0720000000	3.3621071162E-9	-20.7881940569
2.0710000000	3.4812988017E-9	-20.5561222709
2.0700000000	3.6483388450E-9	-21.0375561265
2.0690000000	3.7779159266E-9	-21.2277014274
2.0680000000	3.9617707061E-9	-21.0979102795
2.0670000000	4.1561775869E-9	-21.3543628845
2.0660000000	4.3506380141E-9	-21.5878664490
2.0650000000	4.5073675361E-9	-21.5953153737
2.0640000000	4.7018950964E-9	-21.8014094864
2.0630000000	4.8586219618E-9	-21.8013218931
2.0620000000	5.0911248344E-9	-22.1663998636
2.0610000000	5.2858020955E-9	-22.3287047216
2.0600000000	5.4694583973E-9	-22.1977997879
2.0590000000	5.7021525227E-9	-22.5074034867
2.0580000000	5.9237875396E-9	-22.5332396246
2.0570000000	6.1454236741E-9	-22.5572121945
2.0560000000	6.3133469643E-9	-22.7824743424
2.0550000000	6.5237680733E-9	-22.5608727510
2.0540000000	6.7566370979E-9	-22.8097308284
2.0530000000	7.0164087865E-9	-22.9489176350
2.0520000000	7.2380611689E-9	-22.9566154272
2.0510000000	7.5246519705E-9	-22.9949065676
2.0500000000	7.7844774797E-9	-23.1142484347
2.0490000000	8.0443306365E-9	-23.2258150784
2.0480000000	8.2927584673E-9	-23.1456999451
2.0470000000	8.6175936499E-9	-23.2747350653
2.0460000000	8.8774909436E-9	-23.3711926306
2.0450000000	9.2023959945E-9	-23.4840676376
2.0440000000	9.5157305198E-9	-23.4287241157
2.0430000000	9.8406426884E-9	-23.5324019423
2.0420000000	1.0153961344E-8	-23.4789421116
2.0410000000	1.0452231886E-8	-23.6385241946
2.0400000000	1.0738864692E-8	-23.6472037843
2.0390000000	1.1090498220E-8	-23.6724071297
2.0380000000	1.1442091995E-8	-23.6962078729
2.0370000000	1.1793779181E-8	-23.7183940993
2.0360000000	1.2183742424E-8	-23.8097044367
2.0350000000	1.2562058857E-8	-23.7737331998
2.0340000000	1.2913660162E-8	-23.7920629656
2.0330000000	1.3303737468E-8	-23.8733530682
2.0320000000	1.3720344126E-8	-23.9008130842
2.0310000000	1.4110450755E-8	-23.9744122114
2.0300000000	1.4553661533E-8	-23.9508928672
2.0290000000	1.4982215162E-8	-24.0754321380
2.0280000000	1.5386984788E-8	-23.9955142292
2.0270000000	1.5777118886E-8	-24.0589968551
2.0260000000	1.6193748010E-8	-24.0775189449
2.0250000000	1.6572027857E-8	-24.0441698367
2.0240000000	1.7027185342E-8	-24.1115074877
2.0230000000	1.7508829835E-8	-24.1365044060
2.0220000000	1.8017123670E-8	-24.1221570769
2.0210000000	1.8433766262E-8	-24.1370576343
2.0200000000	1.8953971896E-8	-24.2036798609
2.0190000000	1.9462260197E-8	-24.1886434650
2.0180000000	2.0008928835E-8	-24.2163861764
2.0170000000	2.0490673033E-8	-24.2351400402
2.0160000000	2.0972332260E-8	-24.2531694645
2.0150000000	2.1584124165E-8	-24.2841361424
2.0140000000	2.2183952504E-8	-24.2448799257
2.0130000000	2.2704104504E-8	-24.2981309973
2.0120000000	2.3185857465E-8	-24.3130063974
2.0110000000	2.3694135204E-8	-24.2983103131
2.0100000000	2.4332372245E-8	-24.2965882344
2.0090000000	2.4944155703E-8	-24.3222349820
2.0080000000	2.5555943919E-8	-24.3466538104
2.0070000000	2.6194287733E-8	-24.3438657640
2.0060000000	2.6859015194E-8	-24.3155179791
2.0050000000	2.7470801996E-8	-24.3383842780
2.0040000000	2.8056127610E-8	-24.3849525537
2.0030000000	2.8747448809E-8	-24.3334890768
2.0020000000	2.9436224832E-8	-24.4112538466
2.0010000000	3.0101027284E-8	-24.3843924553
2.0000000000	3.0804351267E-8	-24.3856754140
1.9990000000	3.1507716555E-8	-24.3870667175
1.9980000000	3.2184539449E-8	-24.4096262784
1.9970000000	3.2810917861E-8	-24.3596707109
1.9960000000	3.3487684846E-8	-24.3821325177
1.9950000000	3.4203032701E-8	-24.4277341602
1.9940000000	3.4959396611E-8	-24.3886957363
1.9930000000	3.5713280383E-8	-24.4554796545
1.9920000000	3.6481671621E-8	-24.4590972742
1.9910000000	3.7250021590E-8	-24.4624256395
1.9900000000	3.8006370578E-8	-24.4258265494
1.9890000000	3.8748226392E-8	-24.4474791940
1.9880000000	3.9581642664E-8	-24.4544491535
1.9870000000	4.0441507966E-8	-24.4439313301
1.9860000000	4.1301415939E-8	-24.4339777558
1.9850000000	4.2108299050E-8	-24.4570513702
1.9840000000	4.2915230170E-8	-24.4793788379
1.9830000000	4.3763046864E-8	-24.4344956133
1.9820000000	4.4622914587E-8	-24.4253478632
1.9810000000	4.5506913687E-8	-24.4833841637
1.9800000000	4.6393262097E-8	-24.4587853801
1.9790000000	4.7356731182E-8	-24.4701988707
1.9780000000	4.8281620109E-8	-24.4639310931
1.9770000000	4.9153579480E-8	-24.4860927615
1.9760000000	5.0104952510E-8	-24.4659675796
1.9750000000	5.1172084296E-8	-24.4951796888
1.9740000000	5.2109081537E-8	-24.5181456309
1.9730000000	5.3033965778E-8	-24.5116033376
1.9720000000	5.3946828602E-8	-24.4772594336
1.9710000000	5.4845232326E-8	-24.4842184726
1.9700000000	5.5743678289E-8	-24.4910467345
1.9690000000	5.6615604453E-8	-24.5097777453
1.9680000000	5.7475503569E-8	-24.5016400481
1.9670000000	5.8412461165E-8	-24.5219348136
1.9660000000	5.9337386468E-8	-24.5161162976
1.9650000000	6.0406832189E-8	-24.4782114320
1.9640000000	6.1317343557E-8	-24.5092544812
1.9630000000	6.2254303628E-8	-24.5281822138
1.9620000000	6.3205704518E-8	-24.5116773568
1.9610000000	6.4065561830E-8	-24.5042698681
1.9600000000	6.5067589774E-8	-24.5245915361
1.9590000000	6.6161357412E-8	-24.5356288439
1.9580000000	6.7242812236E-8	-24.5239363864
1.9570000000	6.8155624687E-8	-24.4965106884
1.9560000000	6.9119099395E-8	-24.5038047411
1.9550000000	7.0121176334E-8	-24.5225602468
1.9540000000	7.1034030705E-8	-24.4963369472
1.9530000000	7.1997546839E-8	-24.5034141272
1.9520000000	7.3103115443E-8	-24.5345712016
1.9510000000	7.4184570385E-8	-24.5239882741
1.9500000000	7.5174573032E-8	-24.5210356439
1.9490000000	7.6085106935E-8	-24.5455409023
1.9480000000	7.7115888429E-8	-24.5047865470
1.9470000000	7.8117915894E-8	-24.5217066633
1.9460000000	7.9081352748E-8	-24.5277089614
1.9450000000	8.0109860690E-8	-24.5352815700
1.9440000000	8.1111990975E-8	-24.5511710586
1.9430000000	8.2024786670E-8	-24.5280795596
1.9420000000	8.2858208678E-8	-24.5305984236
1.9410000000	8.3703676333E-8	-24.5511257466
1.9400000000	8.4655069275E-8	-24.5385449351
1.9390000000	8.5579951193E-8	-24.5342702105
1.9380000000	8.6425462136E-8	-24.5541754590
1.9370000000	8.7350342292E-8	-24.5498218745
1.9360000000	8.8289613005E-8	-24.5205366192
1.9350000000	8.9200145605E-8	-24.5414439792
1.9340000000	9.0007057013E-8	-24.5512751712
1.9330000000	9.0997008292E-8	-24.5486225067
1.9320000000	9.1974965704E-8	-24.5295114731
1.9310000000	9.2899848589E-8	-24.5256635031
1.9300000000	9.3757446329E-8	-24.5602684620
1.9290000000	9.4631679475E-8	-24.5314639471
1.9280000000	9.5609513266E-8	-24.5132252826
1.9270000000	9.6532127569E-8	-24.5483288517
1.9260000000	9.7442675201E-8	-24.5672079903
1.9250000000	9.8446960124E-8	-24.5420986186
1.9240000000	9.9437003017E-8	-24.5397385310
1.9230000000	1.0034750415E-7	-24.5580971695
1.9220000000	1.0127472929E-7	-24.5175675275
1.9210000000	1.0217313725E-7	-24.5209486226
1.9200000000	1.0308366928E-7	-24.5390364965
1.9190000000	1.0400855111E-7	-24.5355148114
1.9180000000	1.0494787261E-7	-24.5110556831
1.9170000000	1.0578125200E-7	-24.5131135467
1.9160000000	1.0671825354E-7	-24.5241700448
1.9150000000	1.0747452961E-7	-24.5107444432
1.9140000000	1.0820201102E-7	-24.5383295587
1.9130000000	1.0903543364E-7	-24.5401653471
1.9120000000	1.1000164156E-7	-24.5103394589
1.9110000000	1.1087288603E-7	-24.5199709804
1.9100000000	1.1171861971E-7	-24.5353673749
1.9090000000	1.1265562900E-7	-24.5456560597
1.9080000000	1.1350357947E-7	-24.5278136659
1.9070000000	1.1444058608E-7	-24.5380037232
1.9060000000	1.1543031482E-7	-24.5360224446
1.9050000000	1.1639370412E-7	-24.5400473099
1.9040000000	1.1731858581E-7	-24.5369171985
1.9030000000	1.1812590108E-7	-24.5444026357
1.9020000000	1.1888171313E-7	-24.5322366670
1.9010000000	1.1980663719E-7	-24.5292753623
1.9000000000	1.2074360268E-7	-24.5388789686
1.8990000000	1.2157729824E-7	-24.5404628945
1.8980000000	1.2252856147E-7	-24.5318304809
1.8970000000	1.2345348557E-7	-24.5289596971
1.8960000000	1.2428713901E-7	-24.5305336860
1.8950000000	1.2505507767E-7	-24.5312229810
1.8940000000	1.2582388456E-7	-24.5316733687
1.8930000000	1.2678727322E-7	-24.5354013362
1.8920000000	1.2772424077E-7	-24.5444351280
1.8910000000	1.2858431644E-7	-24.5405288965
1.8900000000	1.2932583414E-7	-24.5464320207
1.8890000000	1.3010893682E-7	-24.5298158098
1.8880000000	1.3085049355E-7	-24.5357506965
1.8870000000	1.3151598918E-7	-24.5288287014
1.8860000000	1.3226963192E-7	-24.5461732099
1.8850000000	1.3297268216E-7	-24.5456684225
1.8840000000	1.3359970958E-7	-24.5326194670
1.8830000000	1.3425003954E-7	-24.5425072090
1.8820000000	1.3464003256E-7	-24.5484061401
1.8810000000	1.3525185695E-7	-24.5519970214
1.8800000000	1.3598132721E-7	-24.5464343261
1.8790000000	1.3673584989E-7	-24.5629030811
1.8780000000	1.3749165342E-7	-24.5522821169
1.8770000000	1.3819474508E-7	-24.5518030374
1.8760000000	1.3867687477E-7	-24.5533326625
1.8750000000	1.3920957374E-7	-24.5716792134
1.8740000000	1.3979416113E-7	-24.5802017896
1.8730000000	1.4057724116E-7	-24.5646348163
1.8720000000	1.4118910948E-7	-24.5680412777
1.8710000000	1.4174819102E-7	-24.5811302645
1.8700000000	1.4227096888E-7	-24.5621482411
1.8690000000	1.4281703773E-7	-24.5647110828
1.8680000000	1.4329712911E-7	-24.5922419334
1.8670000000	1.4383200170E-7	-24.5839660995
1.8660000000	1.4435174434E-7	-24.5912439723
1.8650000000	1.4523814195E-7	-24.5827117719
1.8640000000	1.4604546904E-7	-24.5885130688
1.8630000000	1.4655306212E-7	-24.5852847864
1.8620000000	1.4711215321E-7	-24.5978309943
1.8610000000	1.4759428570E-7	-24.5991178471
1.8600000000	1.4804918343E-7	-24.6052646638
1.8590000000	1.4828526549E-7	-24.5882258503
1.8580000000	1.4857194113E-7	-24.5870027541
1.8570000000	1.4901254015E-7	-24.6079258636
1.8560000000	1.4934982041E-7	-24.6223383527
1.8550000000	1.4959804955E-7	-24.6155887879
1.8540000000	1.4993533480E-7	-24.6299277570
1.8530000000	1.5022200805E-7	-24.6286385142
1.8520000000	1.5035170935E-7	-24.6303778094
1.8510000000	1.5054717055E-7	-24.6328225042
1.8500000000	1.5080748292E-7	-24.6361250307
1.8490000000	1.5114482324E-7	-24.6503378863
1.8480000000	1.5143149528E-7	-24.6490203026
1.8470000000	1.5160269276E-7	-24.6314324547
1.8460000000	1.5196634701E-7	-24.6409876145
1.8450000000	1.5243544194E-7	-24.6323120353
1.8440000000	1.5270998924E-7	-24.6211147299
1.8430000000	1.5286485665E-7	-24.6425065115
1.8420000000	1.5312430328E-7	-24.6459326324
1.8410000000	1.5326705280E-7	-24.6573557596
1.8400000000	1.5331976621E-7	-24.6483132876
1.8390000000	1.5350309451E-7	-24.6408160190
1.8380000000	1.5384039610E-7	-24.6547357001
1.8370000000	1.5423041537E-7	-24.6596015532
1.8360000000	1.5468532953E-7	-24.6653067926
1.8350000000	1.5515326090E-7	-24.6805561527
1.8340000000	1.5578138164E-7	-24.6450718804
1.8330000000	1.5656236741E-7	-24.6545874414
1.8320000000	1.5760272403E-7	-24.6672358315
1.8310000000	1.5865733509E-7	-24.6658293602
1.8300000000	1.5977766532E-7	-24.6650630431
1.8290000000	1.6106624021E-7	-24.6710369545
1.8280000000	1.6241966934E-7	-24.6777017940
1.8270000000	1.6386727416E-7	-24.6579272625
1.8260000000	1.6580916700E-7	-24.6486663647
1.8250000000	1.6786356949E-7	-24.6766494164
1.8240000000	1.7007701066E-7	-24.6793170649
1.8230000000	1.7239471644E-7	-24.6872789343
1.8220000000	1.7494757034E-7	-24.6806329625
1.8210000000	1.7786202232E-7	-24.7031618717
1.8200000000	1.8103978437E-7	-24.7069097988
1.8190000000	1.8412746346E-7	-24.6935252060
1.8180000000	1.8756262131E-7	-24.7198585811
1.8170000000	1.9102614563E-7	-24.7221094387
1.8160000000	1.9446533516E-7	-24.7087044285
1.8150000000	1.9808581863E-7	-24.7087106308
1.8140000000	2.0199297043E-7	-24.7076459836
1.8130000000	2.0566322163E-7	-24.7191396676
1.8120000000	2.0934656459E-7	-24.7373497272
1.8110000000	2.1328005357E-7	-24.7325567286
1.8100000000	2.1717503082E-7	-24.7241644764
1.8090000000	2.2083603237E-7	-24.7107648385
1.8080000000	2.2466525915E-7	-24.7025785093
1.8070000000	2.2859473828E-7	-24.7312852859
1.8060000000	2.3244834241E-7	-24.7360872393
1.8050000000	2.3586113696E-7	-24.7277568438
1.8040000000	2.3886977271E-7	-24.7258993863
1.8030000000	2.4185024722E-7	-24.7424452083
1.8020000000	2.4487196789E-7	-24.7314419133
1.8010000000	2.4795941812E-7	-24.7210924845
1.8000000000	2.5083655810E-7	-24.7333584552
1.7990000000	2.5357269424E-7	-24.7237092530
1.7980000000	2.5595619810E-7	-24.7146199579
1.7970000000	2.5793452447E-7	-24.7258356586
1.7960000000	2.5987347866E-7	-24.7338412819
1.7950000000	2.6185298123E-7	-24.7306538446
1.7940000000	2.6362474682E-7	-24.7344289533
1.7930000000	2.6489914019E-7	-24.7460453616
1.7920000000	2.6595482051E-7	-24.7448818925
1.7910000000	2.6721872331E-7	-24.7366088275
1.7900000000	2.6837678338E-7	-24.7390564459
1.7890000000	2.6921036000E-7	-24.7390938528
1.7880000000	2.6995229562E-7	-24.7415499034
1.7870000000	2.7090427039E-7	-24.7367932882
1.7860000000	2.7181479653E-7	-24.7428253460
1.7850000000	2.7250570240E-7	-24.7365340426
1.7840000000	2.7301133429E-7	-24.7481851075
1.7830000000	2.7363742423E-7	-24.7414758065
1.7820000000	2.7431298280E-7	-24.7567157724
1.7810000000	2.7456215211E-7	-24.7394029572
1.7800000000	2.7461573824E-7	-24.7342514283
1.7790000000	2.7501807882E-7	-24.7424305504
1.7780000000	2.7539408923E-7	-24.7531117963
1.7770000000	2.7545890278E-7	-24.7535382751
1.7760000000	2.7566844618E-7	-24.7467319914
1.7750000000	2.7589770732E-7	-24.7780704431
1.7740000000	2.7613560890E-7	-24.7552867587
1.7730000000	2.7635729298E-7	-24.7539560254
1.7720000000	2.7647568623E-7	-24.7492610447
1.7710000000	2.7695499672E-7	-24.7632346282
1.7700000000	2.7677179493E-7	-24.7675064697
1.7690000000	2.7640791717E-7	-24.7623568877
1.7680000000	2.7657735281E-7	-24.7662423270
1.7670000000	2.7660165502E-7	-24.7771515395
1.7660000000	2.7670698088E-7	-24.7670852862
1.7650000000	2.7694081326E-7	-24.7711958016
1.7640000000	2.7718722023E-7	-24.7809297464
1.7630000000	2.7728039339E-7	-24.7654422643
1.7620000000	2.7728039339E-7	-24.7654422643
1.7610000000	2.7690072461E-7	-24.7818606507
1.7600000000	2.7667661555E-7	-24.7964452973
1.7590000000	2.7649542984E-7	-24.7873123390
1.7580000000	2.7631515911E-7	-24.7780804991
1.7570000000	2.7636379533E-7	-24.7999156209
1.7560000000	2.7611938884E-7	-24.7767202713
1.7550000000	2.7617205088E-7	-24.7716774780
1.7540000000	2.7633747003E-7	-24.8024377182
1.7530000000	2.7628681751E-7	-24.7940420596
1.7520000000	2.7631314459E-7	-24.7915202999
1.7510000000	2.7608946699E-7	-24.8063322047
1.7500000000	2.7559304505E-7	-24.8139534999
1.7490000000	2.7496897760E-7	-24.8072742955
1.7480000000	2.7448761811E-7	-24.8068058090
1.7470000000	2.7452455100E-7	-24.8234775012
1.7460000000	2.7512584037E-7	-24.8054814818
1.7450000000	2.7426594004E-7	-24.8081883309
1.7440000000	2.7382060712E-7	-24.8245224714
1.7430000000	2.7456304683E-7	-24.8264294164
1.7420000000	2.7432877560E-7	-24.8221407922
1.7410000000	2.7363791519E-7	-24.8286063208
1.7400000000	2.7328465058E-7	-24.8427766638
1.7390000000	2.7348105590E-7	-24.8304221524
1.7380000000	2.7268688520E-7	-24.8335475282
1.7370000000	2.7189180781E-7	-24.8367796756
1.7360000000	2.7210130347E-7	-24.8298200684
1.7350000000	2.7260898321E-7	-24.8276924935
1.7340000000	2.7223093596E-7	-24.8306466133
1.7330000000	2.7153855291E-7	-24.8510517728
1.7320000000	2.7127795753E-7	-24.8493102796
1.7310000000	2.7155226264E-7	-24.8427365875
1.7300000000	2.7152594645E-7	-24.8453075280
1.7290000000	2.7116051143E-7	-24.8540501210
1.7280000000	2.7087554446E-7	-24.8411769893
1.7270000000	2.7074305994E-7	-24.8541570092
1.7260000000	2.7045657031E-7	-24.8551876632
1.7250000000	2.7022361647E-7	-24.8509620890
1.7240000000	2.7006634030E-7	-24.8526213547
1.7230000000	2.6992258241E-7	-24.8599715507
1.7220000000	2.6966048269E-7	-24.8721929847
1.7210000000	2.6936330643E-7	-24.8536703816
1.7200000000	2.6929415999E-7	-24.8811221388
1.7190000000	2.6920303392E-7	-24.8833134469
1.7180000000	2.6897065820E-7	-24.8651814827
1.7170000000	2.6880059808E-7	-24.8751682803
1.7160000000	2.6872167188E-7	-24.8829711170
1.7150000000	2.6891803592E-7	-24.8703776212
1.7140000000	2.6904666934E-7	-24.8849083055
1.7130000000	2.6870666185E-7	-24.8912722723
1.7120000000	2.6882500051E-7	-24.8863832126
1.7110000000	2.6887571830E-7	-24.8949944588
1.7100000000	2.6892833009E-7	-24.8897926862
1.7090000000	2.6897759331E-7	-24.9124004012
1.7080000000	2.6912222646E-7	-24.9049067374
1.7070000000	2.6920303392E-7	-24.8833134469
1.7060000000	2.6930636265E-7	-24.8867193123
1.7050000000	2.6931668278E-7	-24.9061057565
1.7040000000	2.6956465279E-7	-24.9020216343
1.7030000000	2.6974822665E-7	-24.8977369762
1.7020000000	2.6978486519E-7	-24.9144964598
1.7010000000	2.6982338344E-7	-24.9174872384
1.7000000000	2.7000840787E-7	-24.8992491212
1.6990000000	2.7003283238E-7	-24.9104117135
1.6980000000	2.6980930370E-7	-24.9256669195
1.6970000000	2.6932889691E-7	-24.9117013294
1.6960000000	2.6909592351E-7	-24.9075069728
1.6950000000	2.6904055040E-7	-24.9266027507
1.6940000000	2.6897388421E-7	-24.9400153881
1.6930000000	2.6871512498E-7	-24.9245225835
1.6920000000	2.6901240873E-7	-24.9430115286
1.6910000000	2.6979522947E-7	-24.9338474542
1.6900000000	2.6988634642E-7	-24.9316438926
1.6890000000	2.6967875801E-7	-24.9249681657
1.6880000000	2.6970320614E-7	-24.9361420708
1.6870000000	2.6914204873E-7	-24.9437930393
1.6860000000	2.6869963242E-7	-24.9467514577
1.6850000000	2.6817883679E-7	-24.9436079275
1.6840000000	2.6797031388E-7	-24.9506681559
1.6830000000	2.6817883679E-7	-24.9436079275
1.6820000000	2.6851791011E-7	-24.9372551496
1.6810000000	2.6844985869E-7	-24.9647247667
1.6800000000	2.6822959491E-7	-24.9522290930
1.6790000000	2.6755286384E-7	-24.9509270673
1.6780000000	2.6682173240E-7	-24.9687911686
1.6770000000	2.6705514893E-7	-24.9731622659
1.6760000000	2.6672971568E-7	-24.9711234209
1.6750000000	2.6650896402E-7	-24.9725920942
1.6740000000	2.6598816180E-7	-24.9694732694
1.6730000000	2.6555799638E-7	-24.9781815814
1.6720000000	2.6581728089E-7	-24.9797298471
1.6710000000	2.6580775048E-7	-24.9600000861
1.6700000000	2.6480286903E-7	-24.9707511591
1.6690000000	2.6416329599E-7	-24.9867824960
1.6680000000	2.6396750312E-7	-24.9855144414
1.6670000000	2.6369150489E-7	-25.0065103623
1.6660000000	2.6308226927E-7	-24.9915005318
1.6650000000	2.6267616737E-7	-24.9976546088
1.6640000000	2.6232844669E-7	-24.9701707774
1.6630000000	2.6202750180E-7	-24.9795886367
1.6620000000	2.6137391333E-7	-25.0042596929
1.6610000000	2.6095737088E-7	-25.0045180728
1.6600000000	2.6048912707E-7	-24.9960048315
1.6590000000	2.5994068958E-7	-25.0100490652
1.6580000000	2.5947158697E-7	-25.0157328935
1.6570000000	2.5891400084E-7	-24.9951692081
1.6560000000	2.5839319295E-7	-24.9920042169
1.6550000000	2.5824775668E-7	-25.0141458076
1.6540000000	2.5803836854E-7	-25.0216286720
1.6530000000	2.5737564671E-7	-25.0118771177
1.6520000000	2.5662007038E-7	-25.0188897443
1.6510000000	2.5600815501E-7	-25.0180968048
1.6500000000	2.5598097010E-7	-25.0209365444
1.6490000000	2.5561698595E-7	-25.0157289336
1.6480000000	2.5512029577E-7	-25.0390357667
1.6470000000	2.5453465421E-7	-25.0355238278
1.6460000000	2.5404185851E-7	-25.0149995789
1.6450000000	2.5380577010E-7	-25.0251716521
1.6440000000	2.5342819666E-7	-25.0288443743
1.6430000000	2.5302392542E-7	-25.0351015443
1.6420000000	2.5293456433E-7	-25.0228053214
1.6410000000	2.5285309938E-7	-25.0459283395
1.6400000000	2.5237346220E-7	-25.0311573362
1.6390000000	2.5139798115E-7	-25.0253060110
1.6380000000	2.5076942690E-7	-25.0482262374
1.6370000000	2.5051013399E-7	-25.0466558658
1.6360000000	2.5026221334E-7	-25.0511942408
1.6350000000	2.4985966729E-7	-25.0427020553
1.6340000000	2.4970284152E-7	-25.0448252788
1.6330000000	2.4957277193E-7	-25.0438273872
1.6320000000	2.4928458846E-7	-25.0600625473
1.6310000000	2.4890611917E-7	-25.0639524225
1.6300000000	2.4856668890E-7	-25.0707704548
1.6290000000	2.4852983625E-7	-25.0526032327
1.6280000000	2.4842646164E-7	-25.0489815379
1.6270000000	2.4817683979E-7	-25.0685259092
1.6260000000	2.4801833558E-7	-25.0856551185
1.6250000000	2.4803188412E-7	-25.0765385319
1.6240000000	2.4783741190E-7	-25.0753702678
1.6230000000	2.4766661960E-7	-25.0864515639
1.6220000000	2.4757721001E-7	-25.0739078021
1.6210000000	2.4756323574E-7	-25.0828313753
1.6200000000	2.4697590960E-7	-25.0943543452
1.6190000000	2.4645675411E-7	-25.0761753702
1.6180000000	2.4650928855E-7	-25.0704618773
1.6170000000	2.4665088106E-7	-25.0925198019
1.6160000000	2.4684535478E-7	-25.0936801706
1.6150000000	2.4670174415E-7	-25.1018626052
1.6140000000	2.4723488391E-7	-25.1110315942
1.6130000000	2.4774208366E-7	-25.1079048167
1.6120000000	2.4762474013E-7	-25.1132177584
1.6110000000	2.4771582417E-7	-25.1107510129
1.6100000000	2.4792393802E-7	-25.1180717777
1.6090000000	2.4822271311E-7	-25.1227051074
1.6080000000	2.4818414470E-7	-25.1194858972
1.6070000000	2.4789768071E-7	-25.1209169629
1.6060000000	2.4796088073E-7	-25.1362736465
1.6050000000	2.4811678621E-7	-25.1341757998
1.6040000000	2.4824897004E-7	-25.1198634583
1.6030000000	2.4823383467E-7	-25.1439370739
1.6020000000	2.4845456491E-7	-25.1422081393
1.6010000000	2.4857442685E-7	-25.1218591476
1.6000000000	2.4867620065E-7	-25.1403843898
1.5990000000	2.4879234848E-7	-25.1502186682
1.5980000000	2.4898773232E-7	-25.1512261888
1.5970000000	2.4917079190E-7	-25.1461959900
1.5960000000	2.4912855326E-7	-25.1731165668
1.5950000000	2.4950857788E-7	-25.1541781254
1.5940000000	2.4972930678E-7	-25.1524489644
1.5930000000	2.5012049994E-7	-25.1546587475
1.5920000000	2.5017140657E-7	-25.1638593359
1.5910000000	2.4997444338E-7	-25.1777251311
1.5900000000	2.5027481245E-7	-25.1674083229
1.5890000000	2.5108212015E-7	-25.1688406004
1.5880000000	2.5131560638E-7	-25.1732996244
1.5870000000	2.5139367511E-7	-25.1795433746
1.5860000000	2.5145850213E-7	-25.1799006337
1.5850000000	2.5130014229E-7	-25.1968763684
1.5840000000	2.5109488023E-7	-25.1750361904
1.5830000000	2.5122453403E-7	-25.1757537002
1.5820000000	2.5123531481E-7	-25.1965232644
1.5810000000	2.5093496867E-7	-25.2068354318
1.5800000000	2.5075304633E-7	-25.1968549401
1.5790000000	2.5084390264E-7	-25.2093054066
1.5780000000	2.5107851447E-7	-25.1987309251
1.5770000000	2.5113035674E-7	-25.2077903071
1.5760000000	2.5101368694E-7	-25.1983779883
1.5750000000	2.5087014092E-7	-25.2064843874
1.5740000000	2.5098591185E-7	-25.2159955763
1.5730000000	2.5096120748E-7	-25.2040156944
1.5720000000	2.5087014092E-7	-25.2064843874
1.5710000000	2.5089484755E-7	-25.2184683744
1.5700000000	2.5093343999E-7	-25.2216375907
1.5690000000	2.5070056622E-7	-25.2024981887
1.5680000000	2.5034775159E-7	-25.2184940974
1.5670000000	2.5026904634E-7	-25.2269803716
1.5660000000	2.5056937660E-7	-25.2166166517
1.5650000000	2.5054314050E-7	-25.2194421185
1.5640000000	2.5037246922E-7	-25.2305019027
1.5630000000	2.5038483216E-7	-25.2365049163
1.5620000000	2.5039719785E-7	-25.2425073369
1.5610000000	2.5025277479E-7	-25.2507566816
1.5600000000	2.4981150448E-7	-25.2394060256
1.5590000000	2.4994158814E-7	-25.2403011793
1.5580000000	2.5033236916E-7	-25.2421647763
1.5570000000	2.5009688811E-7	-25.2529092812
1.5560000000	2.4979658662E-7	-25.2633362359
1.5550000000	2.4969315494E-7	-25.2598201833
1.5540000000	2.4980896460E-7	-25.2693514620
1.5530000000	2.4970553131E-7	-25.2658380753
1.5520000000	2.4962595246E-7	-25.2744591032
1.5510000000	2.4967840152E-7	-25.2687764447
1.5500000000	2.4976889911E-7	-25.2810468819
1.5490000000	2.4973029230E-7	-25.2778720695
1.5480000000	2.4944488303E-7	-25.2643775287
1.5470000000	2.4944341951E-7	-25.2792684536
1.5460000000	2.4975506431E-7	-25.2899036770
1.5450000000	2.4993716625E-7	-25.2848852782
1.5440000000	2.5002821794E-7	-25.2823788201
1.5430000000	2.5033986524E-7	-25.2929853273
1.5420000000	2.5013154788E-7	-25.3008401937
1.5410000000	2.4961067113E-7	-25.2982016633
1.5400000000	2.4967407637E-7	-25.3134080308
1.5390000000	2.4979224297E-7	-25.3079466126
1.5380000000	2.5001481125E-7	-25.2914337057
1.5370000000	2.5046899882E-7	-25.3083763281
1.5360000000	2.5037606506E-7	-25.3260282586
1.5350000000	2.5033701967E-7	-25.3226612018
1.5340000000	2.5052044066E-7	-25.3177395866
1.5330000000	2.5055905709E-7	-25.3208982434
1.5320000000	2.5072594051E-7	-25.3395128976
1.5310000000	2.5110475207E-7	-25.3354421577
1.5300000000	2.5124682542E-7	-25.3420540698
1.5290000000	2.5127303501E-7	-25.3392237198
1.5280000000	2.5150844513E-7	-25.3284486568
1.5270000000	2.5176771081E-7	-25.3445847272
1.5260000000	2.5198703850E-7	-25.3574453477
1.5250000000	2.5220907120E-7	-25.3556633005
1.5240000000	2.5256033891E-7	-25.3543012778
1.5230000000	2.5360121126E-7	-25.3593724353
1.5220000000	2.5419935482E-7	-25.3680575920
1.5210000000	2.5452484604E-7	-25.3696892461
1.5200000000	2.5492807177E-7	-25.3772101662
1.5190000000	2.5544806039E-7	-25.3797288033
1.5180000000	2.5612843691E-7	-25.3508576721
1.5170000000	2.5668568580E-7	-25.3709670961
1.5160000000	2.5725630588E-7	-25.3967288287
1.5150000000	2.5810226776E-7	-25.4004593800
1.5140000000	2.5833805590E-7	-25.3901137269
1.5130000000	2.5827099839E-7	-25.4042965116
1.5120000000	2.5864714708E-7	-25.4145063302
1.5110000000	2.5928748307E-7	-25.3971841767
1.5100000000	2.5992428936E-7	-25.4086240676
1.5090000000	2.6069120128E-7	-25.4207761586
1.5080000000	2.6144653874E-7	-25.4127114601
1.5070000000	2.6236978622E-7	-25.4223347714
1.5060000000	2.6320373509E-7	-25.4204057182
1.5050000000	2.6387920602E-7	-25.4346022973
1.5040000000	2.6549386231E-7	-25.4356863782
1.5030000000	2.6638018905E-7	-25.4283804444
1.5020000000	2.6695218984E-7	-25.4391686516
1.5010000000	2.6776981444E-7	-25.4592605012
1.5000000000	2.6895712643E-7	-25.4280285342
1.4990000000	2.7006248932E-7	-25.4464431762
1.4980000000	2.7062031658E-7	-25.4655114714
1.4970000000	2.7125932670E-7	-25.4625277612
1.4960000000	2.7228734106E-7	-25.4611376347
1.4950000000	2.7320982410E-7	-25.4840013740
1.4940000000	2.7455086472E-7	-25.4784543247
1.4930000000	2.7593270474E-7	-25.4622559295
1.4920000000	2.7720644291E-7	-25.4834103142
1.4910000000	2.7827232613E-7	-25.4983291811
1.4900000000	2.7906627093E-7	-25.4933747609
1.4890000000	2.8004326230E-7	-25.4971139692
1.4880000000	2.8118768234E-7	-25.5041951653
1.4870000000	2.8220410940E-7	-25.4973005746
1.4860000000	2.8297110528E-7	-25.5082555196
1.4850000000	2.8349158999E-7	-25.5100151929
1.4840000000	2.8380341825E-7	-25.5191210365
1.4830000000	2.8483185640E-7	-25.5177694101
1.4820000000	2.8623771616E-7	-25.5125278823
1.4810000000	2.8687345254E-7	-25.5355862107
1.4800000000	2.8744439920E-7	-25.5583155114
1.4790000000	2.8809499477E-7	-25.5605892230
1.4780000000	2.8858975760E-7	-25.5648867243
1.4770000000	2.8926539017E-7	-25.5774999811
1.4760000000	2.9043803681E-7	-25.5686933090
1.4750000000	2.9116711535E-7	-25.5635310426
1.4740000000	2.9203928315E-7	-25.5638897669
1.4730000000	2.9290874441E-7	-25.5898723523
1.4720000000	2.9388486318E-7	-25.5931988556
1.4710000000	2.9476956047E-7	-25.5985502772
1.4700000000	2.9542016388E-7	-25.6006790020
1.4690000000	2.9618815740E-7	-25.6107937895
1.4680000000	2.9708647741E-7	-25.6085901019
1.4670000000	2.9782916036E-7	-25.5960033712
1.4660000000	2.9832087886E-7	-25.6250901207
1.4650000000	2.9905083294E-7	-25.6198435932
1.4640000000	2.9968998110E-7	-25.6045007504
1.4630000000	3.0031335918E-7	-25.6213429482
1.4620000000	3.0078109566E-7	-25.6278374840
1.4610000000	3.0124973757E-7	-25.6342295695
1.4600000000	3.0205512152E-7	-25.6465532835
1.4590000000	3.0261475389E-7	-25.6507078729
1.4580000000	3.0299256151E-7	-25.6470270957
1.4570000000	3.0362958684E-7	-25.6562962104
1.4560000000	3.0421639650E-7	-25.6458347047
1.4550000000	3.0443691864E-7	-25.6561810077
1.4540000000	3.0422792120E-7	-25.6629692672
1.4530000000	3.0461828332E-7	-25.6642094891
1.4520000000	3.0524276044E-7	-25.6684873057
1.4510000000	3.0573655965E-7	-25.6845199794
1.4500000000	3.0610035663E-7	-25.6879106998
1.4490000000	3.0692125383E-7	-25.6804879521
1.4480000000	3.0770099065E-7	-25.6949723675
1.4470000000	3.0803865958E-7	-25.7006681624
1.4460000000	3.0830033287E-7	-25.6894323685
1.4450000000	3.0917151838E-7	-25.7014319246
1.4440000000	3.0986031704E-7	-25.7179075214
1.4430000000	3.1061449310E-7	-25.7223570966
1.4420000000	3.1136957190E-7	-25.7267052409
1.4410000000	3.1164195192E-7	-25.7323717931
1.4400000000	3.1263026885E-7	-25.7396765815
1.4390000000	3.1320346417E-7	-25.7364416835
1.4380000000	3.1342595252E-7	-25.7227216593
1.4370000000	3.1395854873E-7	-25.7407200981
1.4360000000	3.1410033729E-7	-25.7578172736
1.4350000000	3.1455644995E-7	-25.7589878549
1.4340000000	3.1547904497E-7	-25.7660565476
1.4330000000	3.1603782844E-7	-25.7815781036
1.4320000000	3.1654617083E-7	-25.7781409994
1.4310000000	3.1672719079E-7	-25.7856297906
1.4300000000	3.1737738803E-7	-25.7990957721
1.4290000000	3.1811901467E-7	-25.8101452296
1.4280000000	3.1840448318E-7	-25.8084881224
1.4270000000	3.1896417519E-7	-25.8121456219
1.4260000000	3.1943292253E-7	-25.8179034194
1.4250000000	3.1960093877E-7	-25.8324078931
1.4240000000	3.2030295998E-7	-25.8409740927
1.4230000000	3.2099406682E-7	-25.8331928145
1.4220000000	3.2164218268E-7	-25.8578517878
1.4210000000	3.2251478451E-7	-25.8575405572
1.4200000000	3.2260662220E-7	-25.8553590060
1.4190000000	3.2356892676E-7	-25.8642806230
1.4180000000	3.2442718661E-7	-25.8708737629
1.4170000000	3.2483022550E-7	-25.8763895296
1.4160000000	3.2558459628E-7	-25.8916012466
1.4150000000	3.2682105678E-7	-25.8941492231
1.4140000000	3.2745828736E-7	-25.9022630190
1.4130000000	3.2843448436E-7	-25.9043111160
1.4120000000	3.2922989823E-7	-25.8877722619
1.4110000000	3.2978721854E-7	-25.9137815584
1.4100000000	3.3084021200E-7	-25.9316552129
1.4090000000	3.3173817782E-7	-25.9401673182
1.4080000000	3.3224602839E-7	-25.9364949229
1.4070000000	3.3327298748E-7	-25.9563469324
1.4060000000	3.3430204266E-7	-25.9427370207
1.4050000000	3.3521296801E-7	-25.9443517523
1.4040000000	3.3555120435E-7	-25.9494830790
1.4030000000	3.3617510031E-7	-25.9638886570
1.4020000000	3.3698174213E-7	-25.9740725814
1.4010000000	3.3784007168E-7	-25.9801250314
1.4000000000	3.3856918042E-7	-25.9856987859
1.3990000000	3.3950443232E-7	-26.0071452145
1.3980000000	3.4037658816E-7	-26.0063162982
1.3970000000	3.4088485224E-7	-26.0027894846
1.3960000000	3.4098766990E-7	-26.0270816220
1.3950000000	3.4157349393E-7	-26.0280043069
1.3940000000	3.4225102425E-7	-26.0050339503
1.3930000000	3.4278392726E-7	-26.0320686479
1.3920000000	3.4318646096E-7	-26.0479257797
1.3910000000	3.4361463265E-7	-26.0614713531
1.3900000000	3.4375750079E-7	-26.0661531805
1.3890000000	3.4446060911E-7	-26.0735690854
1.3880000000	3.4485045897E-7	-26.0849733537
1.3870000000	3.4539749076E-7	-26.0835822543
1.3860000000	3.4564357224E-7	-26.0903748042
1.3850000000	3.4590272962E-7	-26.1230290736
1.3840000000	3.4607166471E-7	-26.1255401865
1.3830000000	3.4689223474E-7	-26.1179373159
1.3820000000	3.4810220879E-7	-26.1322998178
1.3810000000	3.4837432147E-7	-26.1477163140
1.3800000000	3.4841450743E-7	-26.1391596849
1.3790000000	3.4849212865E-7	-26.1435192085
1.3780000000	3.4851677792E-7	-26.1733994745
1.3770000000	3.4899805422E-7	-26.1718837702
1.3760000000	3.4932408728E-7	-26.1509049084
1.3750000000	3.4928435656E-7	-26.1807893488
1.3740000000	3.4950496234E-7	-26.2000938283
1.3730000000	3.4962187875E-7	-26.2067387291
1.3720000000	3.4954382390E-7	-26.2130364079
1.3710000000	3.4925586500E-7	-26.2362970229
1.3700000000	3.4945167465E-7	-26.2257756439
1.3690000000	3.4956944695E-7	-26.2215651708
1.3680000000	3.4956816721E-7	-26.2322659435
1.3670000000	3.4952860175E-7	-26.2513621215
1.3660000000	3.4954187209E-7	-26.2557724446
1.3650000000	3.4938573182E-7	-26.2576143970
1.3640000000	3.4894219090E-7	-26.2829250791
1.3630000000	3.4856475665E-7	-26.2976160635
1.3620000000	3.4883698675E-7	-26.3020851439
1.3610000000	3.4891573603E-7	-26.3171258659
1.3600000000	3.4836847038E-7	-26.3295346768
1.3590000000	3.4786060237E-7	-26.3227823408
1.3580000000	3.4766490167E-7	-26.3334064891
1.3570000000	3.4779543258E-7	-26.3549326970
1.3560000000	3.4808056672E-7	-26.3636440473
1.3550000000	3.4806746300E-7	-26.3700411246
1.3540000000	3.4783406327E-7	-26.3677739518
1.3530000000	3.4726112872E-7	-26.3932741492
1.3520000000	3.4727402106E-7	-26.3975600480
1.3510000000	3.4718212265E-7	-26.4104314755
1.3500000000	3.4709113729E-7	-26.4232362604
1.3490000000	3.4677891880E-7	-26.4274680944
1.3480000000	3.4624501066E-7	-26.4229637075
1.3470000000	3.4584138418E-7	-26.4399127579
1.3460000000	3.4630942873E-7	-26.4551758871
1.3450000000	3.4673861193E-7	-26.4682441404
1.3440000000	3.4663477472E-7	-26.4767899422
1.3430000000	3.4659525819E-7	-26.4962971618
1.3420000000	3.4688135476E-7	-26.5155595730
1.3410000000	3.4654322962E-7	-26.5220180172
1.3400000000	3.4636169237E-7	-26.5155592973
1.3390000000	3.4630885438E-7	-26.5306457452
1.3380000000	3.4616576322E-7	-26.5261902771
1.3370000000	3.4559331276E-7	-26.5305745097
1.3360000000	3.4509818575E-7	-26.5606704422
1.3350000000	3.4511160733E-7	-26.5758912180
1.3340000000	3.4539783758E-7	-26.5844135478
1.3330000000	3.4580126705E-7	-26.5995071113
1.3320000000	3.4573646617E-7	-26.6102599086
1.3310000000	3.4582774337E-7	-26.6189909660
1.3300000000	3.4594450487E-7	-26.6254166883
1.3290000000	3.4604834908E-7	-26.6382825639
1.3280000000	3.4587973335E-7	-26.6361698852
1.3270000000	3.4571030846E-7	-26.6448765846
1.3260000000	3.4555413629E-7	-26.6793932856
1.3250000000	3.4528097017E-7	-26.6860142787
1.3240000000	3.4479979611E-7	-26.6882638817
1.3230000000	3.4459163503E-7	-26.7056639796
1.3220000000	3.4469603758E-7	-26.7187046343
1.3210000000	3.4485270347E-7	-26.7271796608
1.3200000000	3.4520436382E-7	-26.7356990843
1.3190000000	3.4528246091E-7	-26.7507252129
1.3180000000	3.4534730654E-7	-26.7506903489
1.3170000000	3.4572467127E-7	-26.7462631319
1.3160000000	3.4633752775E-7	-26.7761281376
1.3150000000	3.4614189290E-7	-26.7869072361
1.3140000000	3.4619463746E-7	-26.8041929875
1.3130000000	3.4644210697E-7	-26.8103829276
1.3120000000	3.4670311562E-7	-26.8209886171
1.3110000000	3.4689765159E-7	-26.8208450895
1.3100000000	3.4708104073E-7	-26.8379114715
1.3090000000	3.4717207492E-7	-26.8464015418
1.3080000000	3.4712032713E-7	-26.8507249353
1.3070000000	3.4680830860E-7	-26.8553411425
1.3060000000	3.4704331604E-7	-26.8895515102
1.3050000000	3.4690051119E-7	-26.8854009167
1.3040000000	3.4597598827E-7	-26.8818872818
1.3030000000	3.4552103233E-7	-26.9039592189
1.3020000000	3.4562565711E-7	-26.9275065899
1.3010000000	3.4541751109E-7	-26.9342530759
1.3000000000	3.4462442417E-7	-26.9415714802
