2.3000000000	1.1120608653E-9	-42.8789009065
2.2990000000	1.0909134115E-9	-43.9190744122
2.2980000000	1.0909134115E-9	-43.9190744122
2.2970000000	1.0909134115E-9	-43.9190744122
2.2960000000	1.0909134115E-9	-43.9190744122
2.2950000000	1.0909134115E-9	-43.9190744122
2.2940000000	1.1120608653E-9	-42.8789009065
2.2930000000	1.0909134115E-9	-43.9190744122
2.2920000000	1.0909134115E-9	-43.9190744122
2.2910000000	1.1120608653E-9	-42.8789009065
2.2900000000	1.1120608653E-9	-42.8789009065
2.2890000000	1.1120608653E-9	-42.8789009065
2.2880000000	1.0909134115E-9	-43.9190744122
2.2870000000	1.0909134115E-9	-43.9190744122
2.2860000000	1.1120608653E-9	-42.8789009065
2.2850000000	1.0909134115E-9	-43.9190744122
2.2840000000	1.0909134115E-9	-43.9190744122
2.2830000000	1.0909134115E-9	-43.9190744122
2.2820000000	1.1120608653E-9	-42.8789009065
2.2810000000	1.1120608653E-9	-42.8789009065
2.2800000000	1.0909134115E-9	-43.9190744122
2.2790000000	1.0909134115E-9	-43.9190744122
2.2780000000	1.0909134115E-9	-43.9190744122
2.2770000000	1.0909134115E-9	-43.9190744122
2.2760000000	1.0909134115E-9	-43.9190744122
2.2750000000	1.0709308783E-9	-42.7973989303
2.2740000000	1.1120608653E-9	-42.8789009065
2.2730000000	1.0909134115E-9	-43.9190744122
2.2720000000	1.0909134115E-9	-43.9190744122
2.2710000000	1.0909134115E-9	-43.9190744122
2.2700000000	1.0909134115E-9	-43.9190744122
2.2690000000	1.0909134115E-9	-43.9190744122
2.2680000000	1.0909134115E-9	-43.9190744122
2.2670000000	1.0709308783E-9	-42.7973989303
2.2660000000	1.0909134115E-9	-43.9190744122
2.2650000000	1.0909134115E-9	-43.9190744122
2.2640000000	1.0909134115E-9	-43.9190744122
2.2630000000	1.0909134115E-9	-43.9190744122
2.2620000000	1.0709308783E-9	-42.7973989303
2.2610000000	1.0909134115E-9	-43.9190744122
2.2600000000	1.0709308783E-9	-42.7973989303
2.2590000000	1.0709308783E-9	-42.7973989303
2.2580000000	1.0709308783E-9	-42.7973989303
2.2570000000	1.0909134115E-9	-43.9190744122
2.2560000000	1.0909134115E-9	-43.9190744122
2.2550000000	1.0909134115E-9	-43.9190744122
2.2540000000	1.0709308783E-9	-42.7973989303
2.2530000000	1.0909134115E-9	-43.9190744122
2.2520000000	1.0909134115E-9	-43.9190744122
2.2510000000	1.0709308783E-9	-42.7973989303
2.2500000000	1.0497617515E-9	-43.8766957727
2.2490000000	1.0709308783E-9	-42.7973989303
2.2480000000	1.0909134115E-9	-43.9190744122
2.2470000000	1.0909134115E-9	-43.9190744122
2.2460000000	1.0909134115E-9	-43.9190744122
2.2450000000	1.0909134115E-9	-43.9190744122
2.2440000000	1.0909134115E-9	-43.9190744122
2.2430000000	1.0909134115E-9	-43.9190744122
2.2420000000	1.0909134115E-9	-43.9190744122
2.2410000000	1.0909134115E-9	-43.9190744122
2.2400000000	1.0909134115E-9	-43.9190744122
2.2390000000	1.0909134115E-9	-43.9190744122
2.2380000000	1.0709308783E-9	-42.7973989303
2.2370000000	1.0909134115E-9	-43.9190744122
2.2360000000	1.0709308783E-9	-42.7973989303
2.2350000000	1.0909134115E-9	-43.9190744122
2.2340000000	1.0909134115E-9	-43.9190744122
2.2330000000	1.0709308783E-9	-42.7973989303
2.2320000000	1.0909134115E-9	-43.9190744122
2.2310000000	1.0909134115E-9	-43.9190744122
2.2300000000	1.0709308783E-9	-42.7973989303
2.2290000000	1.0709308783E-9	-42.7973989303
2.2280000000	1.0709308783E-9	-42.7973989303
2.2270000000	1.0709308783E-9	-42.7973989303
2.2260000000	1.0909134115E-9	-43.9190744122
2.2250000000	1.0909134115E-9	-43.9190744122
2.2240000000	1.0709308783E-9	-42.7973989303
2.2230000000	1.0701396453E-9	-45.0000000000
2.2220000000	1.0497617515E-9	-43.8766957727
2.2210000000	1.0709308783E-9	-42.7973989303
2.2200000000	1.0709308783E-9	-42.7973989303
2.2190000000	1.0709308783E-9	-42.7973989303
2.2180000000	1.0709308783E-9	-42.7973989303
2.2170000000	1.0709308783E-9	-42.7973989303
2.2160000000	1.0709308783E-9	-42.7973989303
2.2150000000	1.0909134115E-9	-43.9190744122
2.2140000000	1.0909134115E-9	-43.9190744122
2.2130000000	1.0701396453E-9	-45.0000000000
2.2120000000	1.0909134115E-9	-43.9190744122
2.2110000000	1.0909134115E-9	-43.9190744122
2.2100000000	1.0709308783E-9	-42.7973989303
2.2090000000	1.0709308783E-9	-42.7973989303
2.2080000000	1.0909134115E-9	-43.9190744122
2.2070000000	1.0709308783E-9	-42.7973989303
2.2060000000	1.0709308783E-9	-42.7973989303
2.2050000000	1.0909134115E-9	-43.9190744122
2.2040000000	1.0709308783E-9	-42.7973989303
2.2030000000	1.0909134115E-9	-43.9190744122
2.2020000000	1.0709308783E-9	-42.7973989303
2.2010000000	1.0909134115E-9	-43.9190744122
2.2000000000	1.0909134115E-9	-43.9190744122
2.1990000000	1.0497617515E-9	-43.8766957727
2.1980000000	1.0909134115E-9	-43.9190744122
2.1970000000	1.0701396453E-9	-45.0000000000
2.1960000000	1.0709308783E-9	-42.7973989303
2.1950000000	1.0497617515E-9	-43.8766957727
2.1940000000	1.0709308783E-9	-42.7973989303
2.1930000000	1.0709308783E-9	-42.7973989303
2.1920000000	1.0709308783E-9	-42.7973989303
2.1910000000	1.0909134115E-9	-43.9190744122
2.1900000000	1.0709308783E-9	-42.7973989303
2.1890000000	1.0709308783E-9	-42.7973989303
2.1880000000	1.0909134115E-9	-43.9190744122
2.1870000000	1.0497617515E-9	-43.8766957727
2.1860000000	1.0497617515E-9	-43.8766957727
2.1850000000	1.0709308783E-9	-42.7973989303
2.1840000000	1.0709308783E-9	-42.7973989303
2.1830000000	1.0701396453E-9	-45.0000000000
2.1820000000	1.0497617515E-9	-43.8766957727
2.1810000000	1.0709308783E-9	-42.7973989303
2.1800000000	1.0909134115E-9	-43.9190744122
2.1790000000	1.0709308783E-9	-42.7973989303
2.1780000000	1.0709308783E-9	-42.7973989303
2.1770000000	1.0497617515E-9	-43.8766957727
2.1760000000	1.0497617515E-9	-43.8766957727
2.1750000000	1.0497617515E-9	-43.8766957727
2.1740000000	1.0298032313E-9	-42.7093868125
2.1730000000	1.0497617515E-9	-43.8766957727
2.1720000000	1.0709308783E-9	-42.7973989303
2.1710000000	1.0709308783E-9	-42.7973989303
2.1700000000	1.0709308783E-9	-42.7973989303
2.1690000000	1.0709308783E-9	-42.7973989303
2.1680000000	1.0709308783E-9	-42.7973989303
2.1670000000	1.0497617515E-9	-43.8766957727
2.1660000000	1.0701396453E-9	-45.0000000000
2.1650000000	1.0497617515E-9	-43.8766957727
2.1640000000	1.0497617515E-9	-43.8766957727
2.1630000000	1.0709308783E-9	-42.7973989303
2.1620000000	1.0497617515E-9	-43.8766957727
2.1610000000	1.0497617515E-9	-43.8766957727
2.1600000000	1.0497617515E-9	-43.8766957727
2.1590000000	1.0709308783E-9	-42.7973989303
2.1580000000	1.0497617515E-9	-43.8766957727
2.1570000000	1.0497617515E-9	-43.8766957727
2.1560000000	1.0709308783E-9	-42.7973989303
2.1550000000	1.0497617515E-9	-43.8766957727
2.1540000000	1.0497617515E-9	-43.8766957727
2.1530000000	1.0497617515E-9	-43.8766957727
2.1520000000	1.0497617515E-9	-43.8766957727
2.1510000000	1.0701396453E-9	-45.0000000000
2.1500000000	1.0497617515E-9	-43.8766957727
2.1490000000	1.0497617515E-9	-43.8766957727
2.1480000000	1.0497617515E-9	-43.8766957727
2.1470000000	1.0497617515E-9	-43.8766957727
2.1460000000	1.0497617515E-9	-43.8766957727
2.1450000000	1.0497617515E-9	-43.8766957727
2.1440000000	1.0497617515E-9	-43.8766957727
2.1430000000	1.0497617515E-9	-43.8766957727
2.1420000000	1.0497617515E-9	-43.8766957727
2.1410000000	1.0497617515E-9	-43.8766957727
2.1400000000	1.0497617515E-9	-43.8766957727
2.1390000000	1.0497617515E-9	-43.8766957727
2.1380000000	1.0497617515E-9	-43.8766957727
2.1370000000	1.0497617515E-9	-43.8766957727
2.1360000000	1.0497617515E-9	-43.8766957727
2.1350000000	1.0497617515E-9	-43.8766957727
2.1340000000	1.0497617515E-9	-43.8766957727
2.1330000000	1.0497617515E-9	-43.8766957727
2.1320000000	1.0497617515E-9	-43.8766957727
2.1310000000	1.0497617515E-9	-43.8766957727
2.1300000000	1.0497617515E-9	-43.8766957727
2.1290000000	1.0497617515E-9	-43.8766957727
2.1280000000	1.0289803738E-9	-45.0000000000
2.1270000000	1.0497617515E-9	-43.8766957727
2.1260000000	1.0497617515E-9	-43.8766957727
2.1250000000	1.0497617515E-9	-43.8766957727
2.1240000000	1.0497617515E-9	-43.8766957727
2.1230000000	1.0497617515E-9	-43.8766957727
2.1220000000	1.0497617515E-9	-43.8766957727
2.1210000000	1.0497617515E-9	-43.8766957727
2.1200000000	1.0289803738E-9	-45.0000000000
2.1190000000	1.0497617515E-9	-43.8766957727
2.1180000000	1.0497617515E-9	-43.8766957727
2.1170000000	1.0497617515E-9	-43.8766957727
2.1160000000	1.0497617515E-9	-43.8766957727
2.1150000000	1.0289803738E-9	-45.0000000000
2.1140000000	1.0497617515E-9	-43.8766957727
2.1130000000	1.0497617515E-9	-43.8766957727
2.1120000000	1.0289803738E-9	-45.0000000000
2.1110000000	1.0289803738E-9	-45.0000000000
2.1100000000	1.0289803738E-9	-45.0000000000
2.1090000000	1.0086107127E-9	-43.8308590329
2.1080000000	1.0497617515E-9	-43.8766957727
2.1070000000	1.0086107127E-9	-43.8308590329
2.1060000000	1.0289803738E-9	-45.0000000000
2.1050000000	1.0289803738E-9	-45.0000000000
2.1040000000	1.0289803738E-9	-45.0000000000
2.1030000000	1.0289803738E-9	-45.0000000000
2.1020000000	1.0289803738E-9	-45.0000000000
2.1010000000	1.0289803738E-9	-45.0000000000
2.1000000000	1.0289803738E-9	-45.0000000000
2.0990000000	1.0289803738E-9	-45.0000000000
2.0980000000	1.0497617515E-9	-43.8766957727
2.0970000000	1.0298032313E-9	-42.7093868125
2.0960000000	1.0289803738E-9	-45.0000000000
2.0950000000	1.0289803738E-9	-45.0000000000
2.0940000000	1.0289803738E-9	-45.0000000000
2.0930000000	1.0289803738E-9	-45.0000000000
2.0920000000	1.0289803738E-9	-45.0000000000
2.0910000000	1.0289803738E-9	-45.0000000000
2.0900000000	1.0086107127E-9	-43.8308590329
2.0890000000	1.0086107127E-9	-43.8308590329
2.0880000000	1.0289803738E-9	-45.0000000000
2.0870000000	1.0289803738E-9	-45.0000000000
2.0860000000	1.0086107127E-9	-43.8308590329
2.0850000000	1.0086107127E-9	-43.8308590329
2.0840000000	1.0086107127E-9	-43.8308590329
2.0830000000	1.0086107127E-9	-43.8308590329
2.0820000000	1.0289803738E-9	-45.0000000000
2.0810000000	1.0289803738E-9	-45.0000000000
2.0800000000	1.0289803738E-9	-45.0000000000
2.0790000000	1.0289803738E-9	-45.0000000000
2.0780000000	1.0086107127E-9	-43.8308590329
2.0770000000	1.0289803738E-9	-45.0000000000
2.0760000000	9.8782110225E-10	-45.0000000000
2.0750000000	9.8782110225E-10	-45.0000000000
2.0740000000	9.8782110225E-10	-45.0000000000
2.0730000000	1.0289803738E-9	-45.0000000000
2.0720000000	1.0289803738E-9	-45.0000000000
2.0710000000	9.8782110225E-10	-45.0000000000
2.0700000000	9.8782110225E-10	-45.0000000000
2.0690000000	9.8782110225E-10	-45.0000000000
2.0680000000	9.8782110225E-10	-45.0000000000
2.0670000000	9.8782110225E-10	-45.0000000000
2.0660000000	1.0086107127E-9	-43.8308590329
2.0650000000	1.0086107127E-9	-43.8308590329
2.0640000000	9.8782110225E-10	-45.0000000000
2.0630000000	1.0086107127E-9	-43.8308590329
2.0620000000	1.0289803738E-9	-45.0000000000
2.0610000000	9.8782110225E-10	-45.0000000000
2.0600000000	9.8782110225E-10	-45.0000000000
2.0590000000	9.8782110225E-10	-45.0000000000
2.0580000000	9.8782110225E-10	-45.0000000000
2.0570000000	9.8782110225E-10	-45.0000000000
2.0560000000	9.8782110225E-10	-45.0000000000
2.0550000000	9.6746106624E-10	-46.2188342585
2.0540000000	9.8782110225E-10	-45.0000000000
2.0530000000	9.8782110225E-10	-45.0000000000
2.0520000000	1.0086107127E-9	-43.8308590329
2.0510000000	9.8782110225E-10	-45.0000000000
2.0500000000	9.8782110225E-10	-45.0000000000
2.0490000000	9.6746106624E-10	-46.2188342585
2.0480000000	9.8782110225E-10	-45.0000000000
2.0470000000	9.8782110225E-10	-45.0000000000
2.0460000000	9.6746106624E-10	-46.2188342585
2.0450000000	9.8782110225E-10	-45.0000000000
2.0440000000	9.8782110225E-10	-45.0000000000
2.0430000000	9.6746106624E-10	-46.2188342585
2.0420000000	9.6746106624E-10	-46.2188342585
2.0410000000	9.8782110225E-10	-45.0000000000
2.0400000000	9.6746106624E-10	-46.2188342585
2.0390000000	9.4666324494E-10	-45.0000000000
2.0380000000	9.6746106624E-10	-46.2188342585
2.0370000000	9.6746106624E-10	-46.2188342585
2.0360000000	9.6746106624E-10	-46.2188342585
2.0350000000	9.8782110225E-10	-45.0000000000
2.0340000000	9.6746106624E-10	-46.2188342585
2.0330000000	9.4666324494E-10	-45.0000000000
2.0320000000	9.6746106624E-10	-46.2188342585
2.0310000000	9.6746106624E-10	-46.2188342585
2.0300000000	9.6746106624E-10	-46.2188342585
2.0290000000	9.6746106624E-10	-46.2188342585
2.0280000000	9.6746106624E-10	-46.2188342585
2.0270000000	9.6746106624E-10	-46.2188342585
2.0260000000	9.4666324494E-10	-45.0000000000
2.0250000000	9.4666324494E-10	-45.0000000000
2.0240000000	9.4666324494E-10	-45.0000000000
2.0230000000	9.2631224358E-10	-46.2730300201
2.0220000000	9.4666324494E-10	-45.0000000000
2.0210000000	9.4666324494E-10	-45.0000000000
2.0200000000	9.4666324494E-10	-45.0000000000
2.0190000000	9.6746106624E-10	-46.2188342585
2.0180000000	9.6746106624E-10	-46.2188342585
2.0170000000	9.4666324494E-10	-45.0000000000
2.0160000000	9.2631224358E-10	-46.2730300201
2.0150000000	9.4666324494E-10	-45.0000000000
2.0140000000	9.2631224358E-10	-46.2730300201
2.0130000000	9.0550397342E-10	-45.0000000000
2.0120000000	9.2631224358E-10	-46.2730300201
2.0110000000	9.0643892873E-10	-47.6025622025
2.0100000000	9.0550397342E-10	-45.0000000000
2.0090000000	9.2631224358E-10	-46.2730300201
2.0080000000	8.8516360341E-10	-46.3322198539
2.0070000000	8.8516360341E-10	-46.3322198539
2.0060000000	8.8516360341E-10	-46.3322198539
2.0050000000	8.8516360341E-10	-46.3322198539
2.0040000000	9.0643892873E-10	-47.6025622025
2.0030000000	8.8516360341E-10	-46.3322198539
2.0020000000	8.8516360341E-10	-46.3322198539
2.0010000000	8.8516360341E-10	-46.3322198539
2.0000000000	8.6532412964E-10	-47.7263109939
1.9990000000	8.8516360341E-10	-46.3322198539
1.9980000000	8.6532412964E-10	-47.7263109939
1.9970000000	8.6532412964E-10	-47.7263109939
1.9960000000	8.6532412964E-10	-47.7263109939
1.9950000000	8.6532412964E-10	-47.7263109939
1.9940000000	8.2421376986E-10	-47.8624052261
1.9930000000	8.6532412964E-10	-47.7263109939
1.9920000000	8.4602079142E-10	-49.1849161251
1.9910000000	8.4602079142E-10	-49.1849161251
1.9900000000	8.4602079142E-10	-49.1849161251
1.9890000000	8.4602079142E-10	-49.1849161251
1.9880000000	8.0497751645E-10	-49.3986513135
1.9870000000	8.0497751645E-10	-49.3986513135
1.9860000000	8.0497751645E-10	-49.3986513135
1.9850000000	7.8634740746E-10	-51.0089493250
1.9840000000	7.8634740746E-10	-51.0089493250
1.9830000000	7.6836825421E-10	-52.6959924082
1.9820000000	7.6394599924E-10	-49.6354062816
1.9810000000	7.4542673592E-10	-51.3401317259
1.9800000000	7.4542673592E-10	-51.3401317259
1.9790000000	7.2759940000E-10	-53.1301653512
1.9780000000	7.2759940000E-10	-53.1301653512
1.9770000000	7.1051861582E-10	-55.0080458638
1.9760000000	6.8687847077E-10	-53.6157153377
1.9750000000	6.4621448145E-10	-54.1623989575
1.9740000000	6.4621448145E-10	-54.1623989575
1.9730000000	6.2961661798E-10	-56.3099829523
1.9720000000	6.1395040587E-10	-58.5704830485
1.9710000000	5.7402146733E-10	-59.5345056886
1.9700000000	5.7402146733E-10	-59.5345056886
1.9690000000	5.7402146733E-10	-59.5345056886
1.9680000000	5.5982750152E-10	-62.1027768552
1.9670000000	5.2062907376E-10	-63.4349980393
1.9660000000	5.0828042477E-10	-66.3706674515
1.9650000000	4.9733030634E-10	-69.4439952322
1.9640000000	4.6017369642E-10	-71.5650118039
1.9630000000	4.3266112308E-10	-70.3461314021
1.9620000000	4.2375967491E-10	-74.0545669545
1.9610000000	4.1670486547E-10	-77.9052275578
1.9600000000	3.7946974127E-10	-85.6012795906
1.9590000000	3.7835200000E-10	90.0000000000
1.9580000000	3.5045857693E-10	85.2363420169
1.9570000000	3.5406545780E-10	80.5376618299
1.9560000000	3.4065358620E-10	70.0168934781
1.9550000000	3.2539261209E-10	63.4349488229
1.9540000000	3.1480789296E-10	56.3099324740
1.9530000000	3.5045856862E-10	48.3664606634
1.9520000000	3.7271305561E-10	38.6598082541
1.9510000000	3.9585719769E-10	36.0273733851
1.9500000000	4.1670586423E-10	24.7751405688
1.9490000000	4.7018858116E-10	21.8014547429
1.9480000000	5.0828048203E-10	13.2404940968
1.9470000000	5.5982660213E-10	8.9726165056
1.9460000000	6.4292838314E-10	5.1944377828
1.9450000000	6.9910107543E-10	2.3859556308
1.9440000000	7.5670300000E-10	0.0000000000
1.9430000000	8.4451664807E-10	-1.9749431294
1.9420000000	8.7505612667E-10	-3.8140900783
1.9410000000	9.6439454387E-10	-5.1944122334
1.9400000000	1.0578072286E-9	-7.9071179949
1.9390000000	1.1196512599E-9	-8.9726425770
1.9380000000	1.2105265489E-9	-9.6888184231
1.9370000000	1.3015743838E-9	-10.3048149704
1.9360000000	1.4269847027E-9	-11.7683053102
1.9350000000	1.5248346322E-9	-13.2405543399
1.9340000000	1.6165111283E-9	-13.5359061441
1.9330000000	1.7365093890E-9	-13.5704177953
1.9320000000	1.8710425107E-9	-15.3333791060
1.9310000000	1.9629566520E-9	-15.4786662953
1.9300000000	2.1109931916E-9	-15.1858372622
1.9290000000	2.2468627935E-9	-16.5570423083
1.9280000000	2.3751409805E-9	-17.1027201012
1.9270000000	2.5313766466E-9	-17.3933140797
1.9260000000	2.6599543493E-9	-17.8401706051
1.9250000000	2.8163302624E-9	-18.0604206385
1.9240000000	3.0095549944E-9	-18.6102129639
1.9230000000	3.1660531729E-9	-18.7680717118
1.9220000000	3.3321194810E-9	-19.3844946531
1.9210000000	3.5161622727E-9	-19.3348409082
1.9200000000	3.7099223525E-9	-19.7143175349
1.9190000000	3.9311863767E-9	-19.9106110249
1.9180000000	4.1251830255E-9	-20.2247428210
1.9170000000	4.3364946309E-9	-20.0159099453
1.9160000000	4.5679393431E-9	-20.5133102775
1.9150000000	4.7621269144E-9	-20.7609509024
1.9140000000	4.9564058114E-9	-20.9891412017
1.9130000000	5.1778929559E-9	-21.0838118036
1.9120000000	5.4265449900E-9	-21.0596157898
1.9110000000	5.7234320037E-9	-21.4768169412
1.9100000000	5.9827644403E-9	-21.6979617410
1.9090000000	6.2313791142E-9	-21.6523860113
1.9080000000	6.5177990514E-9	-21.7538907457
1.9070000000	6.8151146312E-9	-22.0740378025
1.9060000000	7.1016023407E-9	-22.1502954606
1.9050000000	7.4420267273E-9	-22.0510572995
1.9040000000	7.7664429837E-9	-22.2400136884
1.9030000000	8.0799231131E-9	-22.2229439929
1.9020000000	8.4044178788E-9	-22.3908960872
1.9010000000	8.7178592748E-9	-22.3696643981
1.9000000000	9.1073199694E-9	-22.5493746900
1.8990000000	9.4856735415E-9	-22.5521816789
1.8980000000	9.9133241644E-9	-22.8010180090
1.8970000000	1.0291676187E-8	-22.7943539909
1.8960000000	1.0681327879E-8	-22.9321441391
1.8950000000	1.1124615113E-8	-22.9427546494
1.8940000000	1.1594750411E-8	-22.8963787029
1.8930000000	1.2011194500E-8	-22.9616700301
1.8920000000	1.2492687145E-8	-23.0408035250
1.8910000000	1.2974113804E-8	-23.1142773286
1.8900000000	1.3417451157E-8	-23.1169734800
1.8890000000	1.3860696570E-8	-23.1196594679
1.8880000000	1.4304037905E-8	-23.1220585330
1.8870000000	1.4796965982E-8	-23.2874650939
1.8860000000	1.5358741919E-8	-23.2128986989
1.8850000000	1.5878540756E-8	-23.3226891614
1.8840000000	1.6440299919E-8	-23.2517926756
1.8830000000	1.7013564549E-8	-23.2756959894
1.8820000000	1.7571568042E-8	-23.4228785840
1.8810000000	1.8171552925E-8	-23.4033878530
1.8800000000	1.8836521423E-8	-23.3962059789
1.8790000000	1.9513052627E-8	-23.4678844400
1.8780000000	2.0151223063E-8	-23.4920276619
1.8770000000	2.0697829285E-8	-23.5371330705
1.8760000000	2.1297804865E-8	-23.5173093535
1.8750000000	2.1974378902E-8	-23.5772067764
1.8740000000	2.2665913810E-8	-23.5367707117
1.8730000000	2.3434149835E-8	-23.5723899151
1.8720000000	2.4175732164E-8	-23.6333647181
1.8710000000	2.4879004701E-8	-23.6562682722
1.8700000000	2.5635588218E-8	-23.6256536214
1.8690000000	2.6430526432E-8	-23.6294894451
1.8680000000	2.7198767711E-8	-23.6574824610
1.8670000000	2.7993666626E-8	-23.6600127762
1.8660000000	2.8815261508E-8	-23.6393627691
1.8650000000	2.9595197075E-8	-23.7164425174
1.8640000000	3.0313457759E-8	-23.6609368428
1.8630000000	3.1028416615E-8	-23.7278263521
1.8620000000	3.1849958577E-8	-23.7072299257
1.8610000000	3.2736623907E-8	-23.6934761573
1.8600000000	3.3608218904E-8	-23.7457182224
1.8590000000	3.4506509028E-8	-23.7759758404
1.8580000000	3.5419667819E-8	-23.7424821937
1.8570000000	3.6241246877E-8	-23.7241938878
1.8560000000	3.7242881762E-8	-23.7806822745
1.8550000000	3.8141141757E-8	-23.8070955834
1.8540000000	3.9119321821E-8	-23.7807628429
1.8530000000	4.0070928271E-8	-23.7722880576
1.8520000000	4.0995853391E-8	-23.7807796790
1.8510000000	4.1894113051E-8	-23.8048247341
1.8500000000	4.2780672291E-8	-23.7923314170
1.8490000000	4.3808924998E-8	-23.8233220985
1.8480000000	4.4878719498E-8	-23.7889826350
1.8470000000	4.5868691130E-8	-23.8000074330
1.8460000000	4.6923607784E-8	-23.8145456096
1.8450000000	4.7913532055E-8	-23.8247294054
1.8440000000	4.9021653860E-8	-23.8105291099
1.8430000000	5.0011577512E-8	-23.8203651854
1.8420000000	5.1169925064E-8	-23.8532669964
1.8410000000	5.2201332127E-8	-23.8068354903
1.8400000000	5.3111360404E-8	-23.8540830123
1.8390000000	5.4024528931E-8	-23.8309006479
1.8380000000	5.5002751498E-8	-23.8116114230
1.8370000000	5.6084291976E-8	-23.8115543542
1.8360000000	5.7150970879E-8	-23.8499681536
1.8350000000	5.8259087089E-8	-23.8375393720
1.8340000000	5.9317222098E-8	-23.7855525456
1.8330000000	6.0357223121E-8	-23.8334395646
1.8320000000	6.1465383184E-8	-23.8220423708
1.8310000000	6.2535227146E-8	-23.7972995540
1.8300000000	6.3705270255E-8	-23.8482122349
1.8290000000	6.4786810481E-8	-23.8475518239
1.8280000000	6.5753457912E-8	-23.8079061223
1.8270000000	6.6820132554E-8	-23.8408195160
1.8260000000	6.7993246083E-8	-23.8329252923
1.8250000000	6.9113256471E-8	-23.8448311674
1.8240000000	7.0221373559E-8	-23.8346007054
1.8230000000	7.1353062420E-8	-23.8675131677
1.8220000000	7.2526303393E-8	-23.8597208607
1.8210000000	7.3634417182E-8	-23.8497405200
1.8200000000	7.4807701514E-8	-23.8425346405
1.8190000000	7.5980855110E-8	-23.8355128017
1.8180000000	7.7088974093E-8	-23.8263276846
1.8170000000	7.8143986900E-8	-23.8346725806
1.8160000000	7.9225486861E-8	-23.8342512115
1.8150000000	8.0307027235E-8	-23.8339064532
1.8140000000	8.1335334129E-8	-23.8501375248
1.8130000000	8.2402085291E-8	-23.8761887217
1.8120000000	8.3498465565E-8	-23.8489723125
1.8110000000	8.4698286533E-8	-23.8345355116
1.8100000000	8.5753209401E-8	-23.8420659513
1.8090000000	8.6834709278E-8	-23.8415894241
1.8080000000	8.8034573246E-8	-23.8278598919
1.8070000000	8.9219486469E-8	-23.8391677570
1.8060000000	9.0339366152E-8	-23.8481664603
1.8050000000	9.1409236397E-8	-23.8309908912
1.8040000000	9.2490736392E-8	-23.8306730062
1.8030000000	9.3580974456E-8	-23.8865103183
1.8020000000	9.4624124419E-8	-23.8766442144
1.8010000000	9.5693940432E-8	-23.8598645514
1.8000000000	9.6893706001E-8	-23.8471879442
1.7990000000	9.8001913728E-8	-23.8398072196
1.7980000000	9.8991841231E-8	-23.8444837112
1.7970000000	1.0002015171E-7	-23.8575739029
1.7960000000	1.0125825896E-7	-23.8538181618
1.7950000000	1.0228974870E-7	-23.8300946524
1.7940000000	1.0327963441E-7	-23.8346193405
1.7930000000	1.0422809996E-7	-23.8666710954
1.7920000000	1.0516783589E-7	-23.8481886426
1.7910000000	1.0602777138E-7	-23.8491431076
1.7900000000	1.0692604896E-7	-23.8579897608
1.7890000000	1.0795753519E-7	-23.8354718817
1.7880000000	1.0906256714E-7	-23.8631253338
1.7870000000	1.0994893298E-7	-23.8578363033
1.7860000000	1.1077071997E-7	-23.8508872269
1.7850000000	1.1167212898E-7	-23.8260429012
1.7840000000	1.1264706725E-7	-23.8497663208
1.7830000000	1.1354547684E-7	-23.8581180536
1.7820000000	1.1440855430E-7	-23.8263114404
1.7810000000	1.1524214435E-7	-23.8331370994
1.7800000000	1.1601876117E-7	-23.8836745040
1.7790000000	1.1682876615E-7	-23.8638547086
1.7780000000	1.1767620023E-7	-23.8518004770
1.7770000000	1.1850975580E-7	-23.8582144289
1.7760000000	1.1931981881E-7	-23.8390251656
1.7750000000	1.1996978224E-7	-23.8538050916
1.7740000000	1.2076417239E-7	-23.8532578979
1.7730000000	1.2158596037E-7	-23.8469578964
1.7720000000	1.2221239616E-7	-23.8364684101
1.7710000000	1.2287120980E-7	-23.8936568143
1.7700000000	1.2360461804E-7	-23.8610817374
1.7690000000	1.2420452538E-7	-23.8561008344
1.7680000000	1.2480447409E-7	-23.8512098035
1.7670000000	1.2541615078E-7	-23.8584830966
1.7660000000	1.2619575429E-7	-23.8752971886
1.7650000000	1.2685756472E-7	-23.9011485556
1.7640000000	1.2752614854E-7	-23.8681369443
1.7630000000	1.2825572384E-7	-23.8661290377
1.7620000000	1.2905890612E-7	-23.9061525377
1.7610000000	1.2975104890E-7	-23.8971765055
1.7600000000	1.3056108414E-7	-23.8793976982
1.7590000000	1.3135249102E-7	-23.9070343799
1.7580000000	1.3218609936E-7	-23.9124760492
1.7570000000	1.3304617857E-7	-23.9127468881
1.7560000000	1.3394460551E-7	-23.9194042570
1.7550000000	1.3514439857E-7	-23.9097310711
1.7540000000	1.3634423594E-7	-23.9002665480
1.7530000000	1.3739589135E-7	-23.9316180143
1.7520000000	1.3864869918E-7	-23.9123610314
1.7510000000	1.4014702214E-7	-23.9140924423
1.7500000000	1.4152370340E-7	-23.9505188422
1.7490000000	1.4290135441E-7	-23.9860803832
1.7480000000	1.4441717891E-7	-23.9459610078
1.7470000000	1.4601863928E-7	-23.9542937141
1.7460000000	1.4768500364E-7	-23.9636943485
1.7450000000	1.4940520311E-7	-23.9636220636
1.7440000000	1.5153893045E-7	-23.9904250207
1.7430000000	1.5377861429E-7	-23.9988591143
1.7420000000	1.5580016902E-7	-23.9842056454
1.7410000000	1.5781797862E-7	-23.9936595834
1.7400000000	1.6034155098E-7	-24.0248467836
1.7390000000	1.6281779843E-7	-24.0176956440
1.7380000000	1.6520551294E-7	-23.9912550850
1.7370000000	1.6757294673E-7	-24.0231105088
1.7360000000	1.7001992033E-7	-24.0421589508
1.7350000000	1.7247242435E-7	-24.0174723517
1.7340000000	1.7482804275E-7	-24.0389396486
1.7330000000	1.7770877495E-7	-24.0253882679
1.7320000000	1.8052465380E-7	-24.0112945654
1.7310000000	1.8316979449E-7	-24.0114822288
1.7300000000	1.8569339026E-7	-24.0381693792
1.7290000000	1.8835312548E-7	-24.0262689107
1.7280000000	1.9103848597E-7	-24.0113096355
1.7270000000	1.9341504710E-7	-24.0657823160
1.7260000000	1.9556897136E-7	-24.0360938938
1.7250000000	1.9781149632E-7	-24.0233427866
1.7240000000	2.0016990343E-7	-24.0234279398
1.7230000000	2.0240147125E-7	-24.0034411563
1.7220000000	2.0462651298E-7	-24.0203835701
1.7210000000	2.0668267437E-7	-24.0313450892
1.7200000000	2.0862753913E-7	-24.0119758614
1.7190000000	2.1062167765E-7	-24.0043314820
1.7180000000	2.1275544955E-7	-24.0230140974
1.7170000000	2.1473307102E-7	-24.0428812026
1.7160000000	2.1644606114E-7	-24.0008564504
1.7150000000	2.1794438880E-7	-24.0013614284
1.7140000000	2.1961160383E-7	-24.0071722621
1.7130000000	2.2142594146E-7	-23.9876952103
1.7120000000	2.2323371569E-7	-24.0019857471
1.7110000000	2.2477941726E-7	-24.0295724139
1.7100000000	2.2619204197E-7	-23.9991981593
1.7090000000	2.2758436224E-7	-24.0115475164
1.7080000000	2.2892006795E-7	-24.0460412812
1.7070000000	2.3015818745E-7	-24.0433978482
1.7060000000	2.3144022447E-7	-24.0122710301
1.7050000000	2.3250752811E-7	-24.0207096904
1.7040000000	2.3340228467E-7	-24.0401621491
1.7030000000	2.3439570700E-7	-24.0253087679
1.7020000000	2.3542380868E-7	-24.0301100288
1.7010000000	2.3626925369E-7	-24.0391433072
1.7000000000	2.3701620402E-7	-24.0125234669
1.6990000000	2.3784983372E-7	-24.0151779794
1.6980000000	2.3870711773E-7	-24.0305520133
1.6970000000	2.3920295930E-7	-24.0234139504
1.6960000000	2.3989786730E-7	-24.0027050515
1.6950000000	2.4073962302E-7	-24.0272467117
1.6940000000	2.4141339189E-7	-24.0467007912
1.6930000000	2.4185990769E-7	-24.0296984445
1.6920000000	2.4227624709E-7	-24.0310092543
1.6910000000	2.4274651415E-7	-24.0266657969
1.6900000000	2.4316565095E-7	-24.0126696570
1.6890000000	2.4334638764E-7	-24.0237153402
1.6880000000	2.4366863462E-7	-24.0423831517
1.6870000000	2.4410239588E-7	-24.0194027379
1.6860000000	2.4431242295E-7	-24.0123960162
1.6850000000	2.4430688486E-7	-24.0428887977
1.6840000000	2.4447487343E-7	-24.0477283779
1.6830000000	2.4456709394E-7	-24.0455530297
1.6820000000	2.4454061080E-7	-24.0483216133
1.6810000000	2.4451689967E-7	-24.0358677629
1.6800000000	2.4461099985E-7	-24.0185756765
1.6790000000	2.4469674208E-7	-24.0469307271
1.6780000000	2.4454061080E-7	-24.0483216133
1.6770000000	2.4441557796E-7	-24.0165592928
1.6760000000	2.4451689967E-7	-24.0358677629
1.6750000000	2.4450772415E-7	-24.0816335093
1.6740000000	2.4431598582E-7	-24.0643565670
1.6730000000	2.4410873436E-7	-24.0561591730
1.6720000000	2.4414707814E-7	-24.0596209531
1.6710000000	2.4394070199E-7	-24.0512966863
1.6700000000	2.4361566760E-7	-24.0479406527
1.6690000000	2.4342938801E-7	-24.0675069369
1.6680000000	2.4323126187E-7	-24.0808452407
1.6670000000	2.4284689651E-7	-24.0461773447
1.6660000000	2.4254558100E-7	-24.0553549243
1.6650000000	2.4230635869E-7	-24.0806079605
1.6640000000	2.4203423117E-7	-24.0716455722
1.6630000000	2.4162975811E-7	-24.0767037156
1.6620000000	2.4106824634E-7	-24.0833092923
1.6610000000	2.4074869925E-7	-24.0490331684
1.6600000000	2.4043277105E-7	-24.0674439083
1.6590000000	2.3988036505E-7	-24.0959025094
1.6580000000	2.3940191611E-7	-24.0784518500
1.6570000000	2.3906500560E-7	-24.0687014190
1.6560000000	2.3865689034E-7	-24.0895125160
1.6550000000	2.3818129187E-7	-24.1253335089
1.6540000000	2.3782053396E-7	-24.1027796623
1.6530000000	2.3759688710E-7	-24.1192210762
1.6520000000	2.3710561401E-7	-24.0953292024
1.6510000000	2.3653495065E-7	-24.0799336450
1.6500000000	2.3629935656E-7	-24.0899796921
1.6490000000	2.3602092854E-7	-24.1124639432
1.6480000000	2.3545115904E-7	-24.0969396368
1.6470000000	2.3503390068E-7	-24.0958070773
1.6460000000	2.3470345928E-7	-24.1241053746
1.6450000000	2.3439953693E-7	-24.1495830201
1.6440000000	2.3396201858E-7	-24.1195002772
1.6430000000	2.3357122711E-7	-24.1154939396
1.6420000000	2.3340321427E-7	-24.1104770505
1.6410000000	2.3305169487E-7	-24.1099638761
1.6400000000	2.3255502709E-7	-24.1175984309
1.6390000000	2.3225371957E-7	-24.1272528326
1.6380000000	2.3199349454E-7	-24.1245388319
1.6370000000	2.3156525495E-7	-24.1167666160
1.6360000000	2.3121105553E-7	-24.1323587888
1.6350000000	2.3102489949E-7	-24.1530437020
1.6340000000	2.3076732895E-7	-24.1342131169
1.6330000000	2.3037744592E-7	-24.1300745072
1.6320000000	2.3009071324E-7	-24.1302707065
1.6310000000	2.2997295402E-7	-24.1354690606
1.6300000000	2.2987809291E-7	-24.1540120522
1.6290000000	2.2955303344E-7	-24.1505958699
1.6280000000	2.2943793490E-7	-24.1395920925
1.6270000000	2.2944719146E-7	-24.1624471699
1.6260000000	2.2930471011E-7	-24.1545112591
1.6250000000	2.2900611245E-7	-24.1481186427
1.6240000000	2.2899420927E-7	-24.1414747949
1.6230000000	2.2906567453E-7	-24.1813275198
1.6220000000	2.2897438854E-7	-24.1836023064
1.6210000000	2.2887380895E-7	-24.1629684485
1.6200000000	2.2901538267E-7	-24.1710164692
1.6190000000	2.2904184047E-7	-24.1680460417
1.6180000000	2.2896246891E-7	-24.1769593837
1.6170000000	2.2901276505E-7	-24.1872715114
1.6160000000	2.2909304247E-7	-24.1782541187
1.6150000000	2.2917241322E-7	-24.1693454067
1.6140000000	2.2913141762E-7	-24.1819223194
1.6130000000	2.2925589045E-7	-24.2157915428
1.6120000000	2.2937621153E-7	-24.1943059704
1.6110000000	2.2945648452E-7	-24.1853003996
1.6100000000	2.2941459079E-7	-24.1979669583
1.6090000000	2.2966290217E-7	-24.1940064569
1.6080000000	2.2997349163E-7	-24.2069568055
1.6070000000	2.3011600199E-7	-24.2148371757
1.6060000000	2.3013051797E-7	-24.2052681764
1.6050000000	2.3023632444E-7	-24.1934323675
1.6040000000	2.3051784823E-7	-24.2254333825
1.6030000000	2.3064495976E-7	-24.2429345182
1.6020000000	2.3074228067E-7	-24.2082828102
1.6010000000	2.3102897101E-7	-24.2079677234
1.6000000000	2.3116800312E-7	-24.2320171500
1.5990000000	2.3156990314E-7	-24.2425579662
1.5980000000	2.3171243311E-7	-24.2503621460
1.5970000000	2.3201107587E-7	-24.2565485972
1.5960000000	2.3224905826E-7	-24.2300962627
1.5950000000	2.3232674783E-7	-24.2372134210
1.5940000000	2.3266124504E-7	-24.2630031595
1.5930000000	2.3301280985E-7	-24.2633087367
1.5920000000	2.3302979417E-7	-24.2378575071
1.5910000000	2.3311856805E-7	-24.2515929281
1.5900000000	2.3342665629E-7	-24.2802012562
1.5890000000	2.3366298210E-7	-24.2697168175
1.5880000000	2.3367494465E-7	-24.2762213731
1.5870000000	2.3377818034E-7	-24.2804576291
1.5860000000	2.3400254628E-7	-24.2634932453
1.5850000000	2.3411773976E-7	-24.2742215407
1.5840000000	2.3388141732E-7	-24.2846901452
1.5830000000	2.3390876304E-7	-24.2816679307
1.5820000000	2.3396163328E-7	-24.2758269860
1.5810000000	2.3401200037E-7	-24.2858975511
1.5800000000	2.3411029153E-7	-24.3219282552
1.5790000000	2.3418007500E-7	-24.2907755185
1.5780000000	2.3419204730E-7	-24.2972646358
1.5770000000	2.3410077989E-7	-24.2995348130
1.5760000000	2.3392073112E-7	-24.2881650406
1.5750000000	2.3411275624E-7	-24.3060256802
1.5740000000	2.3418957265E-7	-24.3131617346
1.5730000000	2.3404791952E-7	-24.3053776400
1.5720000000	2.3393270222E-7	-24.2946614855
1.5710000000	2.3408386571E-7	-24.3248517484
1.5700000000	2.3405504168E-7	-24.3437047652
1.5690000000	2.3385249816E-7	-24.3035322011
1.5680000000	2.3381162037E-7	-24.3158808592
1.5670000000	2.3398308283E-7	-24.3047292407
1.5660000000	2.3402149025E-7	-24.3083000433
1.5650000000	2.3396526686E-7	-24.3301601795
1.5640000000	2.3413430918E-7	-24.3349288024
1.5630000000	2.3422798222E-7	-24.3167280065
1.5620000000	2.3414870333E-7	-24.3254942966
1.5610000000	2.3406462386E-7	-24.3661007783
1.5600000000	2.3406703848E-7	-24.3501946385
1.5590000000	2.3408146357E-7	-24.3407787839
1.5580000000	2.3404930492E-7	-24.3756199034
1.5570000000	2.3398446502E-7	-24.3749909724
1.5560000000	2.3409104108E-7	-24.3631723891
1.5550000000	2.3404930492E-7	-24.3756199034
1.5540000000	2.3394844923E-7	-24.3555162983
1.5530000000	2.3393640874E-7	-24.3490010945
1.5520000000	2.3409104108E-7	-24.3631723891
1.5510000000	2.3406462386E-7	-24.3661007783
1.5500000000	2.3387157005E-7	-24.3483644800
1.5490000000	2.3389561221E-7	-24.3613755793
1.5480000000	2.3395330200E-7	-24.4097500188
1.5470000000	2.3391723796E-7	-24.3902781036
1.5460000000	2.3387880971E-7	-24.3867191751
1.5450000000	2.3399647630E-7	-24.3814811979
1.5440000000	2.3404930492E-7	-24.3756199034
1.5430000000	2.3400849057E-7	-24.3879707571
1.5420000000	2.3405657768E-7	-24.4139223292
1.5410000000	2.3418953061E-7	-24.3991584517
1.5400000000	2.3420392282E-7	-24.3897445087
1.5390000000	2.3412141930E-7	-24.4145402843
1.5380000000	2.3424735050E-7	-24.4474628652
1.5370000000	2.3456510403E-7	-24.4121822008
1.5360000000	2.3465635303E-7	-24.4098727069
1.5350000000	2.3462760194E-7	-24.4286679085
1.5340000000	2.3473322216E-7	-24.4169582391
1.5330000000	2.3496476146E-7	-24.4380861350
1.5320000000	2.3513616780E-7	-24.4269223018
1.5310000000	2.3520331356E-7	-24.4116817411
1.5300000000	2.3554050296E-7	-24.4211234106
1.5290000000	2.3584893397E-7	-24.4492163584
1.5280000000	2.3597862032E-7	-24.4504231455
1.5270000000	2.3616434065E-7	-24.4299379595
1.5260000000	2.3660247645E-7	-24.4591441179
1.5250000000	2.3701750672E-7	-24.4753605996
1.5240000000	2.3725277538E-7	-24.4649405167
1.5230000000	2.3758020416E-7	-24.4521439049
1.5220000000	2.3803592829E-7	-24.4561263029
1.5210000000	2.3828416568E-7	-24.4520401122
1.5200000000	2.3865754455E-7	-24.4803802034
1.5190000000	2.3933420295E-7	-24.4831698595
1.5180000000	2.3992190144E-7	-24.4727114986
1.5170000000	2.4029758419E-7	-24.4853312894
1.5160000000	2.4079845308E-7	-24.5299719697
1.5150000000	2.4144220915E-7	-24.4983172477
1.5140000000	2.4208238996E-7	-24.4820724090
1.5130000000	2.4273072970E-7	-24.5031664704
1.5120000000	2.4329953822E-7	-24.5324380059
1.5110000000	2.4417615757E-7	-24.5061367340
1.5100000000	2.4495372935E-7	-24.5278527037
1.5090000000	2.4560632257E-7	-24.5181309058
1.5080000000	2.4640147302E-7	-24.5155822133
1.5070000000	2.4724658294E-7	-24.5227978493
1.5060000000	2.4805376934E-7	-24.5263454047
1.5050000000	2.4881049769E-7	-24.5204917632
1.5040000000	2.4964085368E-7	-24.5362306706
1.5030000000	2.5047918702E-7	-24.5877551398
1.5020000000	2.5111079767E-7	-24.5511749423
1.5010000000	2.5191936515E-7	-24.5399323761
1.5000000000	2.5301306795E-7	-24.5426098363
1.4990000000	2.5393824000E-7	-24.5412980733
1.4980000000	2.5474315341E-7	-24.5592696436
1.4970000000	2.5561240521E-7	-24.5779292843
1.4960000000	2.5663150810E-7	-24.5595482403
1.4950000000	2.5754194177E-7	-24.5665412001
1.4940000000	2.5834416371E-7	-24.5988503748
1.4930000000	2.5933191949E-7	-24.6121751881
1.4920000000	2.6037958391E-7	-24.5770061453
1.4910000000	2.6130433642E-7	-24.5754101741
1.4900000000	2.6217138837E-7	-24.6077125792
1.4890000000	2.6335760406E-7	-24.6079652746
1.4880000000	2.6425598627E-7	-24.6088970575
1.4870000000	2.6494474758E-7	-24.6167906107
1.4860000000	2.6567728567E-7	-24.5996795688
1.4850000000	2.6669140758E-7	-24.6100400674
1.4840000000	2.6769084210E-7	-24.6283561617
1.4830000000	2.6844661496E-7	-24.6227320920
1.4820000000	2.6923008054E-7	-24.6146736313
1.4810000000	2.7016253353E-7	-24.6460814597
1.4800000000	2.7092436321E-7	-24.6873441885
1.4790000000	2.7167321503E-7	-24.6486403525
1.4780000000	2.7245316752E-7	-24.6541285054
1.4770000000	2.7329884141E-7	-24.6599498857
1.4760000000	2.7413458009E-7	-24.6466814568
1.4750000000	2.7462587061E-7	-24.6664516865
1.4740000000	2.7551042625E-7	-24.6753411916
1.4730000000	2.7642306024E-7	-24.6680414220
1.4720000000	2.7699648561E-7	-24.6666017499
1.4710000000	2.7762666332E-7	-24.7193007226
1.4700000000	2.7833975907E-7	-24.7373863744
1.4690000000	2.7901019468E-7	-24.6936319691
1.4680000000	2.7963419731E-7	-24.7004682534
1.4670000000	2.8016915439E-7	-24.6960687731
1.4660000000	2.8104119494E-7	-24.6991334246
1.4650000000	2.8179314730E-7	-24.7201263491
1.4640000000	2.8219547813E-7	-24.7281175808
1.4630000000	2.8277056563E-7	-24.7132689130
1.4620000000	2.8365515569E-7	-24.7217571713
1.4610000000	2.8431352627E-7	-24.7574060777
1.4600000000	2.8475846025E-7	-24.7420457505
1.4590000000	2.8529547682E-7	-24.7246309614
1.4580000000	2.8603081690E-7	-24.7657529511
1.4570000000	2.8651105443E-7	-24.7791491088
1.4560000000	2.8681376684E-7	-24.7576164837
1.4550000000	2.8740986457E-7	-24.7796517373
1.4540000000	2.8802336722E-7	-24.7677908005
1.4530000000	2.8833661565E-7	-24.7646760984
1.4520000000	2.8878760182E-7	-24.7933208669
1.4510000000	2.8951787573E-7	-24.7899991995
1.4500000000	2.9003973437E-7	-24.7804662542
1.4490000000	2.9039962105E-7	-24.8109272673
1.4480000000	2.9085072318E-7	-24.8392971274
1.4470000000	2.9153384790E-7	-24.8022776668
1.4460000000	2.9213158899E-7	-24.8109753659
1.4450000000	2.9250374165E-7	-24.8463359264
1.4440000000	2.9302646013E-7	-24.8367176618
1.4430000000	2.9364963640E-7	-24.8430055415
1.4420000000	2.9417040536E-7	-24.8460549894
1.4410000000	2.9443449579E-7	-24.8222611786
1.4400000000	2.9494308448E-7	-24.8202261706
1.4390000000	2.9552190824E-7	-24.8614655263
1.4380000000	2.9596567242E-7	-24.8589969809
1.4370000000	2.9635936797E-7	-24.8360926696
1.4360000000	2.9710963609E-7	-24.8681561554
1.4350000000	2.9778254851E-7	-24.8944599052
1.4340000000	2.9822969953E-7	-24.8668809576
1.4330000000	2.9885379986E-7	-24.8729158242
1.4320000000	2.9946570428E-7	-24.8738919691
1.4310000000	2.9998648158E-7	-24.8768286764
1.4300000000	3.0042553686E-7	-24.8991778284
1.4290000000	3.0093600556E-7	-24.8847124269
1.4280000000	3.0170195943E-7	-24.8963716814
1.4270000000	3.0204993513E-7	-24.9205298459
1.4260000000	3.0227159979E-7	-24.9191920158
1.4250000000	3.0282055773E-7	-24.9074471885
1.4240000000	3.0347717714E-7	-24.9529303919
1.4230000000	3.0389420526E-7	-24.9525283955
1.4220000000	3.0448165168E-7	-24.9434330767
1.4210000000	3.0513208742E-7	-24.9468907242
1.4200000000	3.0567917777E-7	-24.9473557178
1.4190000000	3.0629879423E-7	-24.9774091276
1.4180000000	3.0687038184E-7	-24.9876342835
1.4170000000	3.0771979027E-7	-24.9677490799
1.4160000000	3.0829317147E-7	-24.9658981215
1.4150000000	3.0892465985E-7	-25.0126469502
1.4140000000	3.0984933052E-7	-25.0100008959
1.4130000000	3.1076351862E-7	-24.9905737706
1.4120000000	3.1143714245E-7	-25.0156264630
1.4110000000	3.1217222590E-7	-25.0646827496
1.4100000000	3.1304604751E-7	-25.0545427233
1.4090000000	3.1415289858E-7	-25.0479534728
1.4080000000	3.1487081569E-7	-25.0395279987
1.4070000000	3.1573017382E-7	-25.0367804451
1.4060000000	3.1696286236E-7	-25.0661772976
1.4050000000	3.1791083567E-7	-25.0847574460
1.4040000000	3.1860281587E-7	-25.0668144822
1.4030000000	3.1929444751E-7	-25.0606680937
1.4020000000	3.2009334559E-7	-25.1204771054
1.4010000000	3.2082097416E-7	-25.1283879485
1.4000000000	3.2142344449E-7	-25.1008583230
1.3990000000	3.2207392824E-7	-25.1038161545
1.3980000000	3.2259311849E-7	-25.1176894164
1.3970000000	3.2298177093E-7	-25.1310178640
1.3960000000	3.2318578338E-7	-25.1596811975
1.3950000000	3.2380181688E-7	-25.1370251208
1.3940000000	3.2447856413E-7	-25.1377133076
1.3930000000	3.2473350928E-7	-25.1733265191
1.3920000000	3.2499102574E-7	-25.1973796371
1.3910000000	3.2542623958E-7	-25.1554965806
1.3900000000	3.2578869487E-7	-25.1708330506
1.3890000000	3.2581068452E-7	-25.2030236997
1.3880000000	3.2603140689E-7	-25.2016661506
1.3870000000	3.2671940320E-7	-25.2183445806
1.3860000000	3.2726607309E-7	-25.2181667225
1.3850000000	3.2733243149E-7	-25.2070861156
1.3840000000	3.2755143323E-7	-25.2284954306
1.3830000000	3.2799119662E-7	-25.2484951666
1.3820000000	3.2825141654E-7	-25.2494609633
1.3810000000	3.2838347348E-7	-25.2385948417
1.3800000000	3.2879218216E-7	-25.2948104361
1.3790000000	3.2944030220E-7	-25.3200266893
1.3780000000	3.2971576391E-7	-25.3029553740
1.3770000000	3.2961189418E-7	-25.3001471167
1.3760000000	3.3014659709E-7	-25.2954421545
1.3750000000	3.3052308416E-7	-25.3037123263
1.3740000000	3.3022001067E-7	-25.3341431713
1.3730000000	3.3033726451E-7	-25.3300801924
1.3720000000	3.3067655696E-7	-25.3246820190
1.3710000000	3.3092158970E-7	-25.3434911911
1.3700000000	3.3075982328E-7	-25.3903147332
1.3690000000	3.3073587566E-7	-25.3698496250
1.3680000000	3.3095926713E-7	-25.3572595718
1.3670000000	3.3098142266E-7	-25.3887783692
1.3660000000	3.3052446330E-7	-25.3985502670
1.3650000000	3.3074606140E-7	-25.3970072919
1.3640000000	3.3100320441E-7	-25.4205235793
1.3630000000	3.3082202267E-7	-25.4130018895
1.3620000000	3.3066525996E-7	-25.4147808368
1.3610000000	3.3070048938E-7	-25.4510172169
1.3600000000	3.3084137171E-7	-25.4672168139
1.3590000000	3.3071295285E-7	-25.4555538596
1.3580000000	3.3045271471E-7	-25.4547575538
1.3570000000	3.3044779038E-7	-25.4997232445
1.3560000000	3.3038295562E-7	-25.4995141591
1.3550000000	3.3012271402E-7	-25.4987517118
1.3540000000	3.2997725982E-7	-25.5163776720
1.3530000000	3.3010783251E-7	-25.5167148820
1.3520000000	3.3001711429E-7	-25.5074962433
1.3510000000	3.2968734743E-7	-25.5516012833
1.3500000000	3.2976286689E-7	-25.5790334695
1.3490000000	3.2997304603E-7	-25.5615656706
1.3480000000	3.2982996010E-7	-25.5567014633
1.3470000000	3.2964261727E-7	-25.6058057780
1.3460000000	3.2958924018E-7	-25.6214345392
1.3450000000	3.2966876938E-7	-25.6036275436
1.3440000000	3.2938128798E-7	-25.6164039530
1.3430000000	3.2922546442E-7	-25.6182122783
1.3420000000	3.2938022076E-7	-25.6276823815
1.3410000000	3.2935138931E-7	-25.6638596624
1.3400000000	3.2911684268E-7	-25.6608814255
1.3390000000	3.2924844919E-7	-25.6498791237
1.3380000000	3.2937651272E-7	-25.6729535932
1.3370000000	3.2915051564E-7	-25.7312780580
1.3360000000	3.2897012934E-7	-25.7013752215
1.3350000000	3.2911328552E-7	-25.7061892223
1.3340000000	3.2924243160E-7	-25.7179677515
1.3330000000	3.2912533903E-7	-25.7221823388
1.3320000000	3.2890241533E-7	-25.7350901821
1.3310000000	3.2905679464E-7	-25.7559613349
1.3300000000	3.2900640471E-7	-25.7377671002
1.3290000000	3.2913423689E-7	-25.7606675283
1.3280000000	3.2911850960E-7	-25.8014288166
1.3270000000	3.2926345702E-7	-25.7836311687
1.3260000000	3.2930130907E-7	-25.7972614461
1.3250000000	3.2923181915E-7	-25.8537628834
1.3240000000	3.2918043175E-7	-25.8468792211
1.3230000000	3.2920735256E-7	-25.8333937913
1.3220000000	3.2916778972E-7	-25.8423363790
1.3210000000	3.2912823490E-7	-25.8512811163
1.3200000000	3.2943863283E-7	-25.8701553584
1.3190000000	3.2943633092E-7	-25.9039870317
1.3180000000	3.2925598835E-7	-25.8855689275
1.3170000000	3.2907322602E-7	-25.8897859213
1.3160000000	3.2934276137E-7	-25.9401349269
1.3150000000	3.2932867765E-7	-25.9581600282
1.3140000000	3.2916119302E-7	-25.9328616089
1.3130000000	3.2908295551E-7	-25.9394858100
1.3120000000	3.2935406923E-7	-25.9672320131
1.3110000000	3.2931462652E-7	-25.9761866695
1.3100000000	3.2919764428E-7	-25.9804921348
1.3090000000	3.2923620351E-7	-25.9942588395
1.3080000000	3.2936654115E-7	-25.9832037087
1.3070000000	3.2901407291E-7	-26.0075030357
1.3060000000	3.2873716632E-7	-26.0591809006
1.3050000000	3.2872442767E-7	-26.0546401279
1.3040000000	3.2868622412E-7	-26.0410156983
1.3030000000	3.2829466496E-7	-26.0629480627
1.3020000000	3.2786327244E-7	-26.1056637596
1.3010000000	3.2781119036E-7	-26.1101245016
1.3000000000	3.2760255889E-7	-26.1052199432
