2.3000000000	1.1120608653E-9	-42.8789009065
2.2990000000	1.1120608653E-9	-42.8789009065
2.2980000000	1.1120608653E-9	-42.8789009065
2.2970000000	1.1120608653E-9	-42.8789009065
2.2960000000	1.1320656249E-9	-43.9583720228
2.2950000000	1.1335610925E-9	-41.8778656447
2.2940000000	1.0909134115E-9	-43.9190744122
2.2930000000	1.0909134115E-9	-43.9190744122
2.2920000000	1.0909134115E-9	-43.9190744122
2.2910000000	1.0909134115E-9	-43.9190744122
2.2900000000	1.1120608653E-9	-42.8789009065
2.2890000000	1.0909134115E-9	-43.9190744122
2.2880000000	1.1120608653E-9	-42.8789009065
2.2870000000	1.0909134115E-9	-43.9190744122
2.2860000000	1.0909134115E-9	-43.9190744122
2.2850000000	1.0909134115E-9	-43.9190744122
2.2840000000	1.0909134115E-9	-43.9190744122
2.2830000000	1.1120608653E-9	-42.8789009065
2.2820000000	1.1120608653E-9	-42.8789009065
2.2810000000	1.1112989168E-9	-45.0000000000
2.2800000000	1.0909134115E-9	-43.9190744122
2.2790000000	1.0909134115E-9	-43.9190744122
2.2780000000	1.0924652135E-9	-41.7602955123
2.2770000000	1.0909134115E-9	-43.9190744122
2.2760000000	1.0909134115E-9	-43.9190744122
2.2750000000	1.0909134115E-9	-43.9190744122
2.2740000000	1.0909134115E-9	-43.9190744122
2.2730000000	1.1120608653E-9	-42.8789009065
2.2720000000	1.0909134115E-9	-43.9190744122
2.2710000000	1.0909134115E-9	-43.9190744122
2.2700000000	1.0909134115E-9	-43.9190744122
2.2690000000	1.0909134115E-9	-43.9190744122
2.2680000000	1.0909134115E-9	-43.9190744122
2.2670000000	1.0909134115E-9	-43.9190744122
2.2660000000	1.0909134115E-9	-43.9190744122
2.2650000000	1.0909134115E-9	-43.9190744122
2.2640000000	1.0909134115E-9	-43.9190744122
2.2630000000	1.0924652135E-9	-41.7602955123
2.2620000000	1.0709308783E-9	-42.7973989303
2.2610000000	1.0909134115E-9	-43.9190744122
2.2600000000	1.0909134115E-9	-43.9190744122
2.2590000000	1.0909134115E-9	-43.9190744122
2.2580000000	1.0909134115E-9	-43.9190744122
2.2570000000	1.0909134115E-9	-43.9190744122
2.2560000000	1.0909134115E-9	-43.9190744122
2.2550000000	1.0909134115E-9	-43.9190744122
2.2540000000	1.0709308783E-9	-42.7973989303
2.2530000000	1.0709308783E-9	-42.7973989303
2.2520000000	1.0909134115E-9	-43.9190744122
2.2510000000	1.0709308783E-9	-42.7973989303
2.2500000000	1.0909134115E-9	-43.9190744122
2.2490000000	1.0909134115E-9	-43.9190744122
2.2480000000	1.0709308783E-9	-42.7973989303
2.2470000000	1.0909134115E-9	-43.9190744122
2.2460000000	1.0909134115E-9	-43.9190744122
2.2450000000	1.0909134115E-9	-43.9190744122
2.2440000000	1.0709308783E-9	-42.7973989303
2.2430000000	1.0709308783E-9	-42.7973989303
2.2420000000	1.1120608653E-9	-42.8789009065
2.2410000000	1.0709308783E-9	-42.7973989303
2.2400000000	1.0909134115E-9	-43.9190744122
2.2390000000	1.0909134115E-9	-43.9190744122
2.2380000000	1.0909134115E-9	-43.9190744122
2.2370000000	1.0709308783E-9	-42.7973989303
2.2360000000	1.0909134115E-9	-43.9190744122
2.2350000000	1.0909134115E-9	-43.9190744122
2.2340000000	1.0909134115E-9	-43.9190744122
2.2330000000	1.0709308783E-9	-42.7973989303
2.2320000000	1.0709308783E-9	-42.7973989303
2.2310000000	1.0709308783E-9	-42.7973989303
2.2300000000	1.0909134115E-9	-43.9190744122
2.2290000000	1.0909134115E-9	-43.9190744122
2.2280000000	1.0909134115E-9	-43.9190744122
2.2270000000	1.0909134115E-9	-43.9190744122
2.2260000000	1.0909134115E-9	-43.9190744122
2.2250000000	1.0709308783E-9	-42.7973989303
2.2240000000	1.0909134115E-9	-43.9190744122
2.2230000000	1.0909134115E-9	-43.9190744122
2.2220000000	1.0909134115E-9	-43.9190744122
2.2210000000	1.0909134115E-9	-43.9190744122
2.2200000000	1.0909134115E-9	-43.9190744122
2.2190000000	1.0709308783E-9	-42.7973989303
2.2180000000	1.0909134115E-9	-43.9190744122
2.2170000000	1.0909134115E-9	-43.9190744122
2.2160000000	1.0709308783E-9	-42.7973989303
2.2150000000	1.0709308783E-9	-42.7973989303
2.2140000000	1.0909134115E-9	-43.9190744122
2.2130000000	1.0909134115E-9	-43.9190744122
2.2120000000	1.0909134115E-9	-43.9190744122
2.2110000000	1.0909134115E-9	-43.9190744122
2.2100000000	1.0709308783E-9	-42.7973989303
2.2090000000	1.0709308783E-9	-42.7973989303
2.2080000000	1.0709308783E-9	-42.7973989303
2.2070000000	1.0909134115E-9	-43.9190744122
2.2060000000	1.0909134115E-9	-43.9190744122
2.2050000000	1.0709308783E-9	-42.7973989303
2.2040000000	1.0909134115E-9	-43.9190744122
2.2030000000	1.0909134115E-9	-43.9190744122
2.2020000000	1.0709308783E-9	-42.7973989303
2.2010000000	1.0497617515E-9	-43.8766957727
2.2000000000	1.0909134115E-9	-43.9190744122
2.1990000000	1.0709308783E-9	-42.7973989303
2.1980000000	1.0909134115E-9	-43.9190744122
2.1970000000	1.0909134115E-9	-43.9190744122
2.1960000000	1.0909134115E-9	-43.9190744122
2.1950000000	1.0909134115E-9	-43.9190744122
2.1940000000	1.0909134115E-9	-43.9190744122
2.1930000000	1.0909134115E-9	-43.9190744122
2.1920000000	1.0709308783E-9	-42.7973989303
2.1910000000	1.0909134115E-9	-43.9190744122
2.1900000000	1.0709308783E-9	-42.7973989303
2.1890000000	1.0709308783E-9	-42.7973989303
2.1880000000	1.0909134115E-9	-43.9190744122
2.1870000000	1.0909134115E-9	-43.9190744122
2.1860000000	1.0909134115E-9	-43.9190744122
2.1850000000	1.0709308783E-9	-42.7973989303
2.1840000000	1.0497617515E-9	-43.8766957727
2.1830000000	1.0497617515E-9	-43.8766957727
2.1820000000	1.0709308783E-9	-42.7973989303
2.1810000000	1.0497617515E-9	-43.8766957727
2.1800000000	1.0497617515E-9	-43.8766957727
2.1790000000	1.0497617515E-9	-43.8766957727
2.1780000000	1.0709308783E-9	-42.7973989303
2.1770000000	1.0701396453E-9	-45.0000000000
2.1760000000	1.0497617515E-9	-43.8766957727
2.1750000000	1.0701396453E-9	-45.0000000000
2.1740000000	1.0497617515E-9	-43.8766957727
2.1730000000	1.0909134115E-9	-43.9190744122
2.1720000000	1.0909134115E-9	-43.9190744122
2.1710000000	1.0497617515E-9	-43.8766957727
2.1700000000	1.0497617515E-9	-43.8766957727
2.1690000000	1.0701396453E-9	-45.0000000000
2.1680000000	1.0909134115E-9	-43.9190744122
2.1670000000	1.0709308783E-9	-42.7973989303
2.1660000000	1.0497617515E-9	-43.8766957727
2.1650000000	1.0497617515E-9	-43.8766957727
2.1640000000	1.0497617515E-9	-43.8766957727
2.1630000000	1.0709308783E-9	-42.7973989303
2.1620000000	1.0497617515E-9	-43.8766957727
2.1610000000	1.0709308783E-9	-42.7973989303
2.1600000000	1.0497617515E-9	-43.8766957727
2.1590000000	1.0497617515E-9	-43.8766957727
2.1580000000	1.0497617515E-9	-43.8766957727
2.1570000000	1.0497617515E-9	-43.8766957727
2.1560000000	1.0497617515E-9	-43.8766957727
2.1550000000	1.0497617515E-9	-43.8766957727
2.1540000000	1.0709308783E-9	-42.7973989303
2.1530000000	1.0497617515E-9	-43.8766957727
2.1520000000	1.0497617515E-9	-43.8766957727
2.1510000000	1.0497617515E-9	-43.8766957727
2.1500000000	1.0497617515E-9	-43.8766957727
2.1490000000	1.0497617515E-9	-43.8766957727
2.1480000000	1.0497617515E-9	-43.8766957727
2.1470000000	1.0497617515E-9	-43.8766957727
2.1460000000	1.0497617515E-9	-43.8766957727
2.1450000000	1.0497617515E-9	-43.8766957727
2.1440000000	1.0497617515E-9	-43.8766957727
2.1430000000	1.0497617515E-9	-43.8766957727
2.1420000000	1.0497617515E-9	-43.8766957727
2.1410000000	1.0497617515E-9	-43.8766957727
2.1400000000	1.0497617515E-9	-43.8766957727
2.1390000000	1.0497617515E-9	-43.8766957727
2.1380000000	1.0497617515E-9	-43.8766957727
2.1370000000	1.0497617515E-9	-43.8766957727
2.1360000000	1.0497617515E-9	-43.8766957727
2.1350000000	1.0497617515E-9	-43.8766957727
2.1340000000	1.0497617515E-9	-43.8766957727
2.1330000000	1.0497617515E-9	-43.8766957727
2.1320000000	1.0497617515E-9	-43.8766957727
2.1310000000	1.0497617515E-9	-43.8766957727
2.1300000000	1.0497617515E-9	-43.8766957727
2.1290000000	1.0497617515E-9	-43.8766957727
2.1280000000	1.0497617515E-9	-43.8766957727
2.1270000000	1.0497617515E-9	-43.8766957727
2.1260000000	1.0497617515E-9	-43.8766957727
2.1250000000	1.0497617515E-9	-43.8766957727
2.1240000000	1.0497617515E-9	-43.8766957727
2.1230000000	1.0497617515E-9	-43.8766957727
2.1220000000	1.0497617515E-9	-43.8766957727
2.1210000000	1.0497617515E-9	-43.8766957727
2.1200000000	1.0497617515E-9	-43.8766957727
2.1190000000	1.0497617515E-9	-43.8766957727
2.1180000000	1.0497617515E-9	-43.8766957727
2.1170000000	1.0497617515E-9	-43.8766957727
2.1160000000	1.0497617515E-9	-43.8766957727
2.1150000000	1.0497617515E-9	-43.8766957727
2.1140000000	1.0497617515E-9	-43.8766957727
2.1130000000	1.0497617515E-9	-43.8766957727
2.1120000000	1.0497617515E-9	-43.8766957727
2.1110000000	1.0497617515E-9	-43.8766957727
2.1100000000	1.0497617515E-9	-43.8766957727
2.1090000000	1.0497617515E-9	-43.8766957727
2.1080000000	1.0497617515E-9	-43.8766957727
2.1070000000	1.0289803738E-9	-45.0000000000
2.1060000000	1.0497617515E-9	-43.8766957727
2.1050000000	1.0289803738E-9	-45.0000000000
2.1040000000	1.0289803738E-9	-45.0000000000
2.1030000000	1.0497617515E-9	-43.8766957727
2.1020000000	1.0497617515E-9	-43.8766957727
2.1010000000	1.0289803738E-9	-45.0000000000
2.1000000000	1.0289803738E-9	-45.0000000000
2.0990000000	1.0289803738E-9	-45.0000000000
2.0980000000	1.0289803738E-9	-45.0000000000
2.0970000000	1.0289803738E-9	-45.0000000000
2.0960000000	1.0289803738E-9	-45.0000000000
2.0950000000	1.0289803738E-9	-45.0000000000
2.0940000000	1.0497617515E-9	-43.8766957727
2.0930000000	1.0497617515E-9	-43.8766957727
2.0920000000	1.0497617515E-9	-43.8766957727
2.0910000000	1.0289803738E-9	-45.0000000000
2.0900000000	1.0289803738E-9	-45.0000000000
2.0890000000	1.0289803738E-9	-45.0000000000
2.0880000000	1.0289803738E-9	-45.0000000000
2.0870000000	1.0289803738E-9	-45.0000000000
2.0860000000	1.0289803738E-9	-45.0000000000
2.0850000000	1.0289803738E-9	-45.0000000000
2.0840000000	1.0086107127E-9	-43.8308590329
2.0830000000	1.0086107127E-9	-43.8308590329
2.0820000000	1.0289803738E-9	-45.0000000000
2.0810000000	1.0289803738E-9	-45.0000000000
2.0800000000	1.0289803738E-9	-45.0000000000
2.0790000000	1.0289803738E-9	-45.0000000000
2.0780000000	1.0289803738E-9	-45.0000000000
2.0770000000	1.0497617515E-9	-43.8766957727
2.0760000000	1.0289803738E-9	-45.0000000000
2.0750000000	1.0289803738E-9	-45.0000000000
2.0740000000	1.0289803738E-9	-45.0000000000
2.0730000000	1.0086107127E-9	-43.8308590329
2.0720000000	1.0086107127E-9	-43.8308590329
2.0710000000	9.8782110225E-10	-45.0000000000
2.0700000000	1.0086107127E-9	-46.1691409671
2.0690000000	1.0289803738E-9	-45.0000000000
2.0680000000	1.0086107127E-9	-43.8308590329
2.0670000000	1.0289803738E-9	-45.0000000000
2.0660000000	1.0289803738E-9	-45.0000000000
2.0650000000	1.0086107127E-9	-43.8308590329
2.0640000000	1.0086107127E-9	-43.8308590329
2.0630000000	9.8782110225E-10	-45.0000000000
2.0620000000	1.0086107127E-9	-46.1691409671
2.0610000000	1.0289803738E-9	-45.0000000000
2.0600000000	1.0289803738E-9	-45.0000000000
2.0590000000	1.0086107127E-9	-43.8308590329
2.0580000000	1.0289803738E-9	-45.0000000000
2.0570000000	1.0086107127E-9	-43.8308590329
2.0560000000	9.8782110225E-10	-45.0000000000
2.0550000000	9.8782110225E-10	-45.0000000000
2.0540000000	9.8782110225E-10	-45.0000000000
2.0530000000	9.8782110225E-10	-45.0000000000
2.0520000000	1.0086107127E-9	-43.8308590329
2.0510000000	1.0086107127E-9	-43.8308590329
2.0500000000	9.8782110225E-10	-45.0000000000
2.0490000000	9.8782110225E-10	-45.0000000000
2.0480000000	9.8782110225E-10	-45.0000000000
2.0470000000	9.8782110225E-10	-45.0000000000
2.0460000000	9.8782110225E-10	-45.0000000000
2.0450000000	9.8782110225E-10	-45.0000000000
2.0440000000	9.8782110225E-10	-45.0000000000
2.0430000000	9.8782110225E-10	-45.0000000000
2.0420000000	9.8782110225E-10	-45.0000000000
2.0410000000	9.8782110225E-10	-45.0000000000
2.0400000000	9.8782110225E-10	-45.0000000000
2.0390000000	9.6746106624E-10	-46.2188342585
2.0380000000	9.6746106624E-10	-46.2188342585
2.0370000000	9.8782110225E-10	-45.0000000000
2.0360000000	9.8782110225E-10	-45.0000000000
2.0350000000	9.6746106624E-10	-46.2188342585
2.0340000000	9.6746106624E-10	-46.2188342585
2.0330000000	9.6746106624E-10	-46.2188342585
2.0320000000	9.6746106624E-10	-46.2188342585
2.0310000000	9.6746106624E-10	-46.2188342585
2.0300000000	9.6746106624E-10	-46.2188342585
2.0290000000	9.6746106624E-10	-46.2188342585
2.0280000000	9.6746106624E-10	-46.2188342585
2.0270000000	9.6746106624E-10	-46.2188342585
2.0260000000	9.6746106624E-10	-46.2188342585
2.0250000000	9.6746106624E-10	-46.2188342585
2.0240000000	9.6746106624E-10	-46.2188342585
2.0230000000	9.6746106624E-10	-46.2188342585
2.0220000000	9.6746106624E-10	-46.2188342585
2.0210000000	9.6746106624E-10	-46.2188342585
2.0200000000	9.6746106624E-10	-46.2188342585
2.0190000000	9.6746106624E-10	-46.2188342585
2.0180000000	9.6746106624E-10	-46.2188342585
2.0170000000	9.6746106624E-10	-46.2188342585
2.0160000000	9.6746106624E-10	-46.2188342585
2.0150000000	9.4666324494E-10	-45.0000000000
2.0140000000	9.4666324494E-10	-45.0000000000
2.0130000000	9.6746106624E-10	-46.2188342585
2.0120000000	9.2631224358E-10	-46.2730300201
2.0110000000	9.2631224358E-10	-46.2730300201
2.0100000000	9.6746106624E-10	-46.2188342585
2.0090000000	9.6746106624E-10	-46.2188342585
2.0080000000	9.4755685210E-10	-47.4895120631
2.0070000000	9.6746106624E-10	-46.2188342585
2.0060000000	9.4666324494E-10	-45.0000000000
2.0050000000	9.4755685210E-10	-47.4895120631
2.0040000000	9.2631224358E-10	-46.2730300201
2.0030000000	9.2631224358E-10	-46.2730300201
2.0020000000	9.2631224358E-10	-46.2730300201
2.0010000000	9.2631224358E-10	-46.2730300201
2.0000000000	9.2631224358E-10	-46.2730300201
1.9990000000	9.0550397342E-10	-45.0000000000
1.9980000000	9.4755685210E-10	-47.4895120631
1.9970000000	9.2631224358E-10	-46.2730300201
1.9960000000	9.2631224358E-10	-46.2730300201
1.9950000000	9.0550397342E-10	-45.0000000000
1.9940000000	9.0550397342E-10	-45.0000000000
1.9930000000	9.0550397342E-10	-45.0000000000
1.9920000000	9.0550397342E-10	-45.0000000000
1.9910000000	8.8516360341E-10	-46.3322198539
1.9900000000	8.8516360341E-10	-46.3322198539
1.9890000000	8.8516360341E-10	-46.3322198539
1.9880000000	8.8516360341E-10	-46.3322198539
1.9870000000	8.8516360341E-10	-46.3322198539
1.9860000000	8.8516360341E-10	-46.3322198539
1.9850000000	8.8516360341E-10	-46.3322198539
1.9840000000	8.6532412964E-10	-47.7263109939
1.9830000000	8.8516360341E-10	-46.3322198539
1.9820000000	8.8516360341E-10	-46.3322198539
1.9810000000	8.6532412964E-10	-47.7263109939
1.9800000000	8.6532412964E-10	-47.7263109939
1.9790000000	8.6434470191E-10	-45.0000000000
1.9780000000	8.4401600000E-10	-46.3971810273
1.9770000000	8.4401600000E-10	-46.3971810273
1.9760000000	8.4602079142E-10	-49.1849161251
1.9750000000	8.4602079142E-10	-49.1849161251
1.9740000000	8.2421376986E-10	-47.8624052261
1.9730000000	8.4602079142E-10	-49.1849161251
1.9720000000	8.0497751645E-10	-49.3986513135
1.9710000000	8.0497751645E-10	-49.3986513135
1.9700000000	8.0497751645E-10	-49.3986513135
1.9690000000	8.0497751645E-10	-49.3986513135
1.9680000000	8.0497751645E-10	-49.3986513135
1.9670000000	7.6394599924E-10	-49.6354062816
1.9660000000	7.6394599924E-10	-49.6354062816
1.9650000000	7.4542673592E-10	-51.3401317259
1.9640000000	7.2759940000E-10	-53.1301653512
1.9630000000	7.2759940000E-10	-53.1301653512
1.9620000000	7.2759940000E-10	-53.1301653512
1.9610000000	7.2759940000E-10	-53.1301653512
1.9600000000	7.1051861582E-10	-55.0080458638
1.9590000000	6.8687847077E-10	-53.6157153377
1.9580000000	6.7002439693E-10	-55.6196552762
1.9570000000	6.7002439693E-10	-55.6196552762
1.9560000000	6.7002439693E-10	-55.6196552762
1.9550000000	6.1395040587E-10	-58.5704830485
1.9540000000	5.8931192428E-10	-57.0948098946
1.9530000000	5.7402146733E-10	-59.5345056886
1.9520000000	5.7402146733E-10	-59.5345056886
1.9510000000	5.5982750152E-10	-62.1027768552
1.9500000000	5.0828042477E-10	-66.3706674515
1.9490000000	5.0828042477E-10	-66.3706674515
1.9480000000	4.7018858116E-10	-68.1985452571
1.9470000000	4.3266112308E-10	-70.3461314021
1.9460000000	4.5181461413E-10	-75.0685501470
1.9450000000	4.1670486547E-10	-77.9052275578
1.9440000000	3.8280336834E-10	-81.2538229441
1.9430000000	3.7946974127E-10	-85.6012795906
1.9420000000	3.4924800000E-10	90.0000000000
1.9410000000	3.5045857693E-10	85.2363420169
1.9400000000	3.5406545780E-10	80.5376618299
1.9390000000	3.0385465190E-10	73.3007738271
1.9380000000	3.2539261209E-10	63.4349488229
1.9370000000	3.1480789296E-10	56.3099324740
1.9360000000	3.7043344367E-10	45.0000000000
1.9350000000	3.7271305561E-10	38.6598082541
1.9340000000	4.1974385728E-10	33.6900675260
1.9330000000	4.1670586423E-10	24.7751405688
1.9320000000	4.8787289597E-10	17.3539896069
1.9310000000	5.1572515331E-10	16.3895089861
1.9300000000	5.6509746206E-10	11.8886580396
1.9290000000	6.1394956207E-10	5.4403413213
1.9280000000	7.0091614900E-10	4.7636566254
1.9270000000	7.5726249006E-10	2.2026086303
1.9260000000	8.1491100000E-10	0.0000000000
1.9250000000	8.7505612667E-10	-3.8140900783
1.9240000000	9.6439454387E-10	-5.1944122334
1.9230000000	1.0541976795E-9	-6.3401557341
1.9220000000	1.1154826188E-9	-7.4958710411
1.9210000000	1.2392310176E-9	-9.4623070061
1.9200000000	1.3356167753E-9	-11.3099324740
1.9190000000	1.4554851321E-9	-11.5346678827
1.9180000000	1.5531851125E-9	-12.9946002021
1.9170000000	1.6517639345E-9	-14.2810621203
1.9160000000	1.7717559644E-9	-14.2645287656
1.9150000000	1.8635577817E-9	-14.4703853309
1.9140000000	1.9910259860E-9	-15.2551010357
1.9130000000	2.1109931916E-9	-15.1858372622
1.9120000000	2.2468627935E-9	-16.5570423083
1.9110000000	2.3946812435E-9	-16.2323239084
1.9100000000	2.5591703925E-9	-17.1984933532
1.9090000000	2.7242995775E-9	-18.0477750092
1.9080000000	2.8717194387E-9	-17.7004261710
1.9070000000	3.0371475981E-9	-18.4350204106
1.9060000000	3.2030233903E-9	-19.0936285323
1.9050000000	3.4146030654E-9	-18.8982369039
1.9040000000	3.6081829296E-9	-19.3118386325
1.9030000000	3.8019444473E-9	-19.6833944565
1.9020000000	3.9685176268E-9	-20.1625912850
1.9010000000	4.1525010165E-9	-20.0859362546
1.9000000000	4.3738446814E-9	-20.2436855304
1.8990000000	4.6054324436E-9	-20.7254771004
1.8980000000	4.8540935189E-9	-20.7167837600
1.8970000000	5.1131210983E-9	-21.0140593292
1.8960000000	5.3346115815E-9	-21.1049141740
1.8950000000	5.5937953261E-9	-21.3585747597
1.8940000000	5.8801601247E-9	-21.4854867220
1.8930000000	6.1936130748E-9	-21.5014238913
1.8920000000	6.4799974283E-9	-21.6103074683
1.8910000000	6.7664087946E-9	-21.7098638207
1.8900000000	7.0528333598E-9	-21.8014396574
1.8890000000	7.3392708081E-9	-21.8857951124
1.8880000000	7.6257359844E-9	-21.9638548601
1.8870000000	7.9880633783E-9	-22.2665919320
1.8860000000	8.3395091962E-9	-22.3583184106
1.8850000000	8.6798794062E-9	-22.2651611328
1.8840000000	9.0424112899E-9	-22.5205013611
1.8830000000	9.4050996933E-9	-22.7561757108
1.8820000000	9.7722302549E-9	-22.5936342407
1.8810000000	1.0215511538E-8	-22.6199080919
1.8800000000	1.0631930788E-8	-22.7043442207
1.8790000000	1.1102053616E-8	-22.6661059642
1.8780000000	1.1518530135E-8	-22.7422769326
1.8770000000	1.1908119049E-8	-22.8676499830
1.8760000000	1.2324644458E-8	-22.9320279820
1.8750000000	1.2806040024E-8	-23.0105551518
1.8740000000	1.3287545975E-8	-23.0831834866
1.8730000000	1.3807189708E-8	-23.2144902029
1.8720000000	1.4357580911E-8	-23.0308541495
1.8710000000	1.4877285882E-8	-23.1543931461
1.8700000000	1.5412247504E-8	-23.1276201046
1.8690000000	1.5985496101E-8	-23.1575136486
1.8680000000	1.6532002946E-8	-23.2250440355
1.8670000000	1.7132005037E-8	-23.2112991506
1.8660000000	1.7705264617E-8	-23.2355797205
1.8650000000	1.8278435303E-8	-23.2584610684
1.8640000000	1.8824985133E-8	-23.3149191557
1.8630000000	1.9398256832E-8	-23.3340184102
1.8620000000	2.0009695508E-8	-23.3956059698
1.8610000000	2.0674656358E-8	-23.3892620422
1.8600000000	2.1351183378E-8	-23.4549896965
1.8590000000	2.2016137594E-8	-23.4472148582
1.8580000000	2.2654304815E-8	-23.4692727452
1.8570000000	2.3345959362E-8	-23.4331139801
1.8560000000	2.4087479002E-8	-23.4985998195
1.8550000000	2.4790726927E-8	-23.5254079144
1.8540000000	2.5574032255E-8	-23.4725884652
1.8530000000	2.6353855449E-8	-23.5640836006
1.8520000000	2.7057139621E-8	-23.5870605918
1.8510000000	2.7787054707E-8	-23.5846537747
1.8500000000	2.8532063233E-8	-23.5056197504
1.8490000000	2.9326956243E-8	-23.5121512128
1.8480000000	3.0145029504E-8	-23.6198440389
1.8470000000	3.0981761391E-8	-23.5307596774
1.8460000000	3.1826603103E-8	-23.6112971647
1.8450000000	3.2659956081E-8	-23.6410100329
1.8440000000	3.3573160188E-8	-23.6093452672
1.8430000000	3.4368097864E-8	-23.6126723925
1.8420000000	3.5357947180E-8	-23.6319757579
1.8410000000	3.6229548741E-8	-23.6820623160
1.8400000000	3.6974444386E-8	-23.6189696878
1.8390000000	3.7769382374E-8	-23.6217946256
1.8380000000	3.8655966418E-8	-23.6121660161
1.8370000000	3.9592501937E-8	-23.6631526225
1.8360000000	4.0490764760E-8	-23.6907700589
1.8350000000	4.1480628733E-8	-23.7053605318
1.8340000000	4.2420502652E-8	-23.6632366182
1.8330000000	4.3280388032E-8	-23.6691283853
1.8320000000	4.4282076651E-8	-23.7178307899
1.8310000000	4.5260242209E-8	-23.6968842230
1.8300000000	4.6291760593E-8	-23.6480097363
1.8290000000	4.7319951243E-8	-23.6798369505
1.8280000000	4.8206528273E-8	-23.6710484651
1.8270000000	4.9158144060E-8	-23.6662641695
1.8260000000	5.0198084528E-8	-23.7264183889
1.8250000000	5.1214593951E-8	-23.7244474788
1.8240000000	5.2311078919E-8	-23.6841853377
1.8230000000	5.3339376378E-8	-23.7116803200
1.8220000000	5.4432624869E-8	-23.7416519237
1.8210000000	5.5475812971E-8	-23.7275474022
1.8200000000	5.6637334183E-8	-23.6934259867
1.8190000000	5.7730573294E-8	-23.7220310960
1.8180000000	5.8773725626E-8	-23.7089770138
1.8170000000	5.9790275733E-8	-23.7076730554
1.8160000000	6.0845223165E-8	-23.7203616103
1.8150000000	6.1861772985E-8	-23.7189142375
1.8140000000	6.2943271934E-8	-23.7203728439
1.8130000000	6.3998170907E-8	-23.7323449164
1.8120000000	6.5079801986E-8	-23.7335776076
1.8110000000	6.6226474663E-8	-23.7374356826
1.8100000000	6.7296396529E-8	-23.7158663897
1.8090000000	6.8377895391E-8	-23.7172572734
1.8080000000	6.9562773523E-8	-23.7336444044
1.8070000000	7.0724329402E-8	-23.7062933824
1.8060000000	7.1920875408E-8	-23.7434772508
1.8050000000	7.3055783907E-8	-23.7260320172
1.8040000000	7.4125618720E-8	-23.7066456116
1.8030000000	7.5165586373E-8	-23.7462599150
1.8020000000	7.6247126221E-8	-23.7471449271
1.8010000000	7.7473622856E-8	-23.7242723357
1.8000000000	7.8646792904E-8	-23.7192526206
1.7990000000	7.9728383410E-8	-23.7203706509
1.7980000000	8.0821633717E-8	-23.7404386982
1.7970000000	8.2009736171E-8	-23.7085983847
1.7960000000	8.3194662180E-8	-23.7223329699
1.7950000000	8.4379541545E-8	-23.7357713009
1.7940000000	8.5529396156E-8	-23.6952808302
1.7930000000	8.6569310996E-8	-23.7297526822
1.7920000000	8.7570938996E-8	-23.7537129396
1.7910000000	8.8537380151E-8	-23.7253722880
1.7900000000	8.9607306076E-8	-23.7093174720
1.7890000000	9.0777214249E-8	-23.7461229269
1.7880000000	9.1897109978E-8	-23.7561600157
1.7870000000	9.3005376459E-8	-23.7495238145
1.7860000000	9.4048521746E-8	-23.7410609914
1.7850000000	9.5133288656E-8	-23.7026876470
1.7840000000	9.6170016275E-8	-23.7723566003
1.7830000000	9.7304912707E-8	-23.7589220230
1.7820000000	9.8324629576E-8	-23.7196874830
1.7810000000	9.9287898280E-8	-23.7323026979
1.7800000000	1.0018295793E-7	-23.7799609800
1.7790000000	1.0121440943E-7	-23.7567609512
1.7780000000	1.0221929031E-7	-23.7405202083
1.7770000000	1.0325928331E-7	-23.7690155042
1.7760000000	1.0421083946E-7	-23.7659365465
1.7750000000	1.0508564215E-7	-23.7466079492
1.7740000000	1.0607872862E-7	-23.7166891075
1.7730000000	1.0705380076E-7	-23.7426537860
1.7720000000	1.0792228578E-7	-23.7930774279
1.7710000000	1.0882370276E-7	-23.7680134923
1.7700000000	1.0962133956E-7	-23.7339940846
1.7690000000	1.1031046655E-7	-23.7582992522
1.7680000000	1.1111654423E-7	-23.7720735438
1.7670000000	1.1197975601E-7	-23.7402870883
1.7660000000	1.1283982949E-7	-23.7419188689
1.7650000000	1.1350456523E-7	-23.7387566752
1.7640000000	1.1426161143E-7	-23.7312730234
1.7630000000	1.1510285662E-7	-23.7845411361
1.7620000000	1.1585989072E-7	-23.7768615609
1.7610000000	1.1654255406E-7	-23.7228097265
1.7600000000	1.1738779163E-7	-23.7432041698
1.7590000000	1.1806120309E-7	-23.7846490876
1.7580000000	1.1872902035E-7	-23.7500422121
1.7570000000	1.1939379545E-7	-23.7470346946
1.7560000000	1.2018597136E-7	-23.7779186255
1.7550000000	1.2091551249E-7	-23.7762898239
1.7540000000	1.2160773972E-7	-23.7674949885
1.7530000000	1.2239036525E-7	-23.7550049416
1.7520000000	1.2327702307E-7	-23.7510089643
1.7510000000	1.2415749409E-7	-23.8069742153
1.7500000000	1.2493710464E-7	-23.8243210591
1.7490000000	1.2589156316E-7	-23.7917688585
1.7480000000	1.2677821532E-7	-23.7876261193
1.7470000000	1.2763524741E-7	-23.8179072264
1.7460000000	1.2851887971E-7	-23.8425979903
1.7450000000	1.2957944991E-7	-23.7901043282
1.7440000000	1.3077719372E-7	-23.8096147552
1.7430000000	1.3195049481E-7	-23.8057892814
1.7420000000	1.3314642095E-7	-23.8251588282
1.7410000000	1.3441985689E-7	-23.8567073280
1.7400000000	1.3599865952E-7	-23.8441100520
1.7390000000	1.3754998663E-7	-23.8368129902
1.7380000000	1.3917494424E-7	-23.8687274763
1.7370000000	1.4080289325E-7	-23.8734721989
1.7360000000	1.4240820879E-7	-23.8565339075
1.7350000000	1.4414224811E-7	-23.8426575794
1.7340000000	1.4605095537E-7	-23.8987059431
1.7330000000	1.4823770116E-7	-23.9180289484
1.7320000000	1.5019743808E-7	-23.8779593868
1.7310000000	1.5226620132E-7	-23.9046219332
1.7300000000	1.5462662881E-7	-23.8826230180
1.7290000000	1.5702628654E-7	-23.8665680332
1.7280000000	1.5926008882E-7	-23.9232246701
1.7270000000	1.6144963432E-7	-23.9174838278
1.7260000000	1.6372257989E-7	-23.8766810299
1.7250000000	1.6588266999E-7	-23.8981986397
1.7240000000	1.6828826314E-7	-23.9362859057
1.7230000000	1.7076453858E-7	-23.9307517768
1.7220000000	1.7338512021E-7	-23.9147034923
1.7210000000	1.7570814919E-7	-23.8902353848
1.7200000000	1.7806654934E-7	-23.8920940507
1.7190000000	1.8075794781E-7	-23.9278912248
1.7180000000	1.8347970842E-7	-23.9385473726
1.7170000000	1.8584393615E-7	-23.8996603622
1.7160000000	1.8817876427E-7	-23.8850999836
1.7150000000	1.9053039616E-7	-23.9260903300
1.7140000000	1.9286233258E-7	-23.9308891362
1.7130000000	1.9506951403E-7	-23.8957039430
1.7120000000	1.9750745959E-7	-23.8870910446
1.7110000000	2.0002200662E-7	-23.8872070867
1.7100000000	2.0218210591E-7	-23.9047490020
1.7090000000	2.0410946389E-7	-23.9151587346
1.7080000000	2.0622534356E-7	-23.8844531290
1.7070000000	2.0853279072E-7	-23.8748467348
1.7060000000	2.1038853594E-7	-23.9198562808
1.7050000000	2.1200762261E-7	-23.8978703290
1.7040000000	2.1376902510E-7	-23.8848964641
1.7030000000	2.1548922321E-7	-23.8854753715
1.7020000000	2.1705830361E-7	-23.9289199965
1.7010000000	2.1878049943E-7	-23.9122380501
1.7000000000	2.2020221148E-7	-23.9056143104
1.6990000000	2.2166517001E-7	-23.8861251538
1.6980000000	2.2304855570E-7	-23.8759104485
1.6970000000	2.2440463500E-7	-23.9420788713
1.6960000000	2.2577530514E-7	-23.9250214818
1.6950000000	2.2687784265E-7	-23.8818949166
1.6940000000	2.2786759273E-7	-23.8837640280
1.6930000000	2.2886327866E-7	-23.9248025725
1.6920000000	2.2998645484E-7	-23.9116966287
1.6910000000	2.3104486718E-7	-23.8979699998
1.6900000000	2.3181270213E-7	-23.9004147168
1.6890000000	2.3253048703E-7	-23.8926505227
1.6880000000	2.3336405144E-7	-23.8957618199
1.6870000000	2.3401718812E-7	-23.9574301057
1.6860000000	2.3451973102E-7	-23.9184408913
1.6850000000	2.3512255240E-7	-23.8998336882
1.6840000000	2.3565088117E-7	-23.9280407819
1.6830000000	2.3605346381E-7	-23.9388003327
1.6820000000	2.3644909519E-7	-23.9116726397
1.6810000000	2.3681532376E-7	-23.9031925749
1.6800000000	2.3711089517E-7	-23.9253798535
1.6790000000	2.3725615368E-7	-23.9175047008
1.6780000000	2.3746240602E-7	-23.9261574953
1.6770000000	2.3778740937E-7	-23.9297668326
1.6760000000	2.3796209589E-7	-23.9034392170
1.6750000000	2.3796209589E-7	-23.9034392170
1.6740000000	2.3805944236E-7	-23.9390512603
1.6730000000	2.3816929413E-7	-23.9120030264
1.6720000000	2.3817222350E-7	-23.8963761254
1.6710000000	2.3794450721E-7	-23.9283386109
1.6700000000	2.3791511004E-7	-23.9468152296
1.6690000000	2.3790330017E-7	-23.9404101493
1.6680000000	2.3771078983E-7	-23.9226150519
1.6670000000	2.3754284677E-7	-23.9175491967
1.6660000000	2.3755464602E-7	-23.9239651319
1.6650000000	2.3740081772E-7	-23.9788901656
1.6640000000	2.3707861865E-7	-23.9596204479
1.6630000000	2.3686251208E-7	-23.9289341680
1.6620000000	2.3671529051E-7	-23.9524546109
1.6610000000	2.3641391185E-7	-23.9617507560
1.6600000000	2.3603876916E-7	-23.9481127316
1.6590000000	2.3574312087E-7	-23.9258308348
1.6580000000	2.3546247162E-7	-23.9638824335
1.6570000000	2.3511004492E-7	-23.9632535566
1.6560000000	2.3468189558E-7	-23.9552902793
1.6550000000	2.3448652393E-7	-23.9531581030
1.6540000000	2.3426844601E-7	-23.9379145890
1.6530000000	2.3378961420E-7	-23.9900200854
1.6520000000	2.3338507047E-7	-23.9950930179
1.6510000000	2.3308043426E-7	-23.9501341624
1.6500000000	2.3279374111E-7	-23.9501289430
1.6490000000	2.3236794111E-7	-23.9967729287
1.6480000000	2.3187495169E-7	-23.9880345704
1.6470000000	2.3161756022E-7	-23.9690670793
1.6460000000	2.3130436821E-7	-23.9720035470
1.6450000000	2.3095285489E-7	-23.9712749485
1.6440000000	2.3073384353E-7	-23.9559159312
1.6430000000	2.3047695107E-7	-24.0080492685
1.6420000000	2.2998678546E-7	-23.9830790670
1.6410000000	2.2950752739E-7	-23.9647195787
1.6400000000	2.2923882525E-7	-24.0104981076
1.6390000000	2.2917682195E-7	-23.9935111920
1.6380000000	2.2880450155E-7	-23.9632263187
1.6370000000	2.2845013464E-7	-23.9787688118
1.6360000000	2.2832297358E-7	-24.0329341060
1.6350000000	2.2814222965E-7	-24.0211683557
1.6340000000	2.2785925612E-7	-24.0048144909
1.6330000000	2.2758717917E-7	-23.9951925580
1.6320000000	2.2747128700E-7	-23.9841174806
1.6310000000	2.2733320751E-7	-24.0317181923
1.6300000000	2.2712042373E-7	-24.0556554979
1.6290000000	2.2699633053E-7	-24.0213800019
1.6280000000	2.2697264485E-7	-24.0079606952
1.6270000000	2.2674797246E-7	-24.0251980185
1.6260000000	2.2656166092E-7	-24.0462023287
1.6250000000	2.2655259030E-7	-24.0230514607
1.6240000000	2.2656443859E-7	-24.0297731155
1.6230000000	2.2638181947E-7	-24.0342525497
1.6220000000	2.2613346480E-7	-24.0380950792
1.6210000000	2.2621014409E-7	-24.0455737543
1.6200000000	2.2627774569E-7	-24.0298686481
1.6190000000	2.2612440717E-7	-24.0149000477
1.6180000000	2.2618090462E-7	-24.0650241382
1.6170000000	2.2632517023E-7	-24.0567822649
1.6160000000	2.2639645656E-7	-24.0245373489
1.6150000000	2.2643201286E-7	-24.0447138736
1.6140000000	2.2654703834E-7	-24.0559118437
1.6130000000	2.2657076852E-7	-24.0693513393
1.6120000000	2.2660000216E-7	-24.0499338611
1.6110000000	2.2674242533E-7	-24.0580301382
1.6100000000	2.2693966125E-7	-24.0438454978
1.6090000000	2.2712958719E-7	-24.0787702104
1.6080000000	2.2726570632E-7	-24.1196904596
1.6070000000	2.2737793103E-7	-24.0749000879
1.6060000000	2.2754867040E-7	-24.0637175293
1.6050000000	2.2764910714E-7	-24.0845153224
1.6040000000	2.2768745824E-7	-24.0882225802
1.6030000000	2.2773219351E-7	-24.0591348496
1.6020000000	2.2807824191E-7	-24.0923789965
1.6010000000	2.2828460276E-7	-24.1012216258
1.6000000000	2.2824624831E-7	-24.0975262512
1.5990000000	2.2847083434E-7	-24.0803308523
1.5980000000	2.2871917776E-7	-24.0764817303
1.5970000000	2.2889369035E-7	-24.1208242206
1.5960000000	2.2900047957E-7	-24.1088613177
1.5950000000	2.2918851711E-7	-24.0718900131
1.5940000000	2.2941682621E-7	-24.1101019380
1.5930000000	2.2954648089E-7	-24.1115341064
1.5920000000	2.2959116889E-7	-24.0826773592
1.5910000000	2.2979752376E-7	-24.0914704831
1.5900000000	2.2995839123E-7	-24.1450402043
1.5890000000	2.2996105669E-7	-24.1288524915
1.5880000000	2.3013175415E-7	-24.1177554276
1.5870000000	2.3034443469E-7	-24.0940737011
1.5860000000	2.3036551022E-7	-24.1234465778
1.5850000000	2.3035759131E-7	-24.1719480754
1.5840000000	2.3048063722E-7	-24.1344368192
1.5830000000	2.3065493313E-7	-24.1071203321
1.5820000000	2.3063767201E-7	-24.1328012788
1.5810000000	2.3067337863E-7	-24.1525901033
1.5800000000	2.3075543220E-7	-24.1276192605
1.5790000000	2.3077922876E-7	-24.1408062934
1.5780000000	2.3059045663E-7	-24.1776804792
1.5770000000	2.3047797807E-7	-24.1505881034
1.5760000000	2.3053090274E-7	-24.1446903114
1.5750000000	2.3040391220E-7	-24.1271263420
1.5740000000	2.3036022625E-7	-24.1557881043
1.5730000000	2.3035146433E-7	-24.2043710983
1.5720000000	2.3050179592E-7	-24.1637886365
1.5710000000	2.3050710259E-7	-24.1314894730
1.5700000000	2.3039859564E-7	-24.1594398718
1.5690000000	2.3043433931E-7	-24.1792450958
1.5680000000	2.3056400082E-7	-24.1806320610
1.5670000000	2.3042505584E-7	-24.1564886046
1.5660000000	2.3031568574E-7	-24.1845626476
1.5650000000	2.3035497470E-7	-24.1881084150
1.5640000000	2.3032760888E-7	-24.1911661482
1.5630000000	2.3028923136E-7	-24.1875185416
1.5620000000	2.3018864606E-7	-24.1670042558
1.5610000000	2.3026018200E-7	-24.2066423177
1.5600000000	2.3032501406E-7	-24.2073288081
1.5590000000	2.3020056106E-7	-24.1736123100
1.5580000000	2.3021247913E-7	-24.1802196800
1.5570000000	2.3027211536E-7	-24.2132462661
1.5560000000	2.3026018200E-7	-24.2066423177
1.5550000000	2.3011858830E-7	-24.1986597508
1.5540000000	2.3020728301E-7	-24.2125612844
1.5530000000	2.3025760473E-7	-24.2228098837
1.5520000000	2.3018083445E-7	-24.2155217880
1.5510000000	2.3010149243E-7	-24.2244073821
1.5500000000	2.3018341998E-7	-24.1993489118
1.5490000000	2.3026018200E-7	-24.2066423177
1.5480000000	2.3014927717E-7	-24.2508335904
1.5470000000	2.3002380933E-7	-24.2172170473
1.5460000000	2.3015438649E-7	-24.2184829720
1.5450000000	2.3035573455E-7	-24.2594547348
1.5440000000	2.3030285752E-7	-24.2653833736
1.5430000000	2.3034377978E-7	-24.2528555795
1.5420000000	2.3045045856E-7	-24.2409067983
1.5410000000	2.3049140233E-7	-24.2283913740
1.5400000000	2.3053919441E-7	-24.2547720616
1.5390000000	2.3067337441E-7	-24.3111454155
1.5380000000	2.3071670657E-7	-24.2824705878
1.5370000000	2.3074565417E-7	-24.2633751139
1.5360000000	2.3089770337E-7	-24.2939230987
1.5350000000	2.3128763240E-7	-24.2977761815
1.5340000000	2.3136943090E-7	-24.2728202098
1.5330000000	2.3135496023E-7	-24.2823421977
1.5320000000	2.3155495711E-7	-24.3390222946
1.5310000000	2.3179369643E-7	-24.3123314814
1.5300000000	2.3195227625E-7	-24.2946358853
1.5290000000	2.3205891994E-7	-24.2827507217
1.5280000000	2.3231577476E-7	-24.3014133576
1.5270000000	2.3273682457E-7	-24.3568325229
1.5260000000	2.3308214395E-7	-24.3184095749
1.5250000000	2.3334735459E-7	-24.2889852389
1.5240000000	2.3381162037E-7	-24.3158808592
1.5230000000	2.3409585378E-7	-24.3313417885
1.5220000000	2.3446185744E-7	-24.3221435883
1.5210000000	2.3486623545E-7	-24.3165084407
1.5200000000	2.3538430938E-7	-24.3372563766
1.5190000000	2.3581510570E-7	-24.3287142405
1.5180000000	2.3624441089E-7	-24.3358845436
1.5170000000	2.3685619961E-7	-24.3384839924
1.5160000000	2.3748487338E-7	-24.3161127187
1.5150000000	2.3802941111E-7	-24.3337785018
1.5140000000	2.3851777350E-7	-24.3727948027
1.5130000000	2.3913439469E-7	-24.3441367577
1.5120000000	2.3978707670E-7	-24.3346572978
1.5110000000	2.4043244716E-7	-24.3716614363
1.5100000000	2.4112842076E-7	-24.4182346979
1.5090000000	2.4199320368E-7	-24.3858147448
1.5080000000	2.4277644748E-7	-24.3774493871
1.5070000000	2.4348198177E-7	-24.3624125692
1.5060000000	2.4431305709E-7	-24.3789351605
1.5050000000	2.4524197755E-7	-24.4298786663
1.5040000000	2.4597721556E-7	-24.3968597763
1.5030000000	2.4664434323E-7	-24.3786076827
1.5020000000	2.4748741731E-7	-24.4009791362
1.5010000000	2.4841015973E-7	-24.4151117204
1.5000000000	2.4924616190E-7	-24.4013394575
1.4990000000	2.5004042229E-7	-24.3992939354
1.4980000000	2.5098714071E-7	-24.4253454404
1.4970000000	2.5197670992E-7	-24.4247975118
1.4960000000	2.5279828250E-7	-24.4198890662
1.4950000000	2.5365624376E-7	-24.4331123001
1.4940000000	2.5463624691E-7	-24.4120180739
1.4930000000	2.5561661536E-7	-24.4698328185
1.4920000000	2.5651736199E-7	-24.4568021509
1.4910000000	2.5735572919E-7	-24.4289013865
1.4900000000	2.5836970357E-7	-24.4402658482
1.4890000000	2.5931413444E-7	-24.4796491615
1.4880000000	2.6002920359E-7	-24.4853864509
1.4870000000	2.6098510644E-7	-24.4530211001
1.4860000000	2.6167467643E-7	-24.4613329137
1.4850000000	2.6241467453E-7	-24.4785046173
1.4840000000	2.6321435478E-7	-24.5245903866
1.4830000000	2.6404054933E-7	-24.4914556219
1.4820000000	2.6496531164E-7	-24.4901802824
1.4810000000	2.6567846682E-7	-24.5099388952
1.4800000000	2.6643712721E-7	-24.4903876569
1.4790000000	2.6735028427E-7	-24.4836665905
1.4780000000	2.6799357403E-7	-24.5302830044
1.4770000000	2.6867024227E-7	-24.5326423752
1.4760000000	2.6940198578E-7	-24.5160850376
1.4750000000	2.7022352286E-7	-24.5112155717
1.4740000000	2.7101586103E-7	-24.5228990707
1.4730000000	2.7158470892E-7	-24.5490806887
1.4720000000	2.7217478027E-7	-24.5261344420
1.4710000000	2.7284131336E-7	-24.5091277387
1.4700000000	2.7349716617E-7	-24.5604647117
1.4690000000	2.7409926045E-7	-24.5431685567
1.4680000000	2.7491063633E-7	-24.5191070924
1.4670000000	2.7547761302E-7	-24.5585943145
1.4660000000	2.7595221863E-7	-24.5998611150
1.4650000000	2.7656632129E-7	-24.5880960746
1.4640000000	2.7714200184E-7	-24.5734244258
1.4630000000	2.7764042703E-7	-24.5527141838
1.4620000000	2.7815568543E-7	-24.5832663063
1.4610000000	2.7884812577E-7	-24.6496995885
1.4600000000	2.7970034775E-7	-24.6155728784
1.4590000000	2.8016026057E-7	-24.5920524445
1.4580000000	2.8063759156E-7	-24.6195280450
1.4570000000	2.8127363617E-7	-24.6318591996
1.4560000000	2.8188729038E-7	-24.6200617700
1.4550000000	2.8225110530E-7	-24.6252948141
1.4540000000	2.8267755047E-7	-24.6440941899
1.4530000000	2.8319826206E-7	-24.6476275396
1.4520000000	2.8370471594E-7	-24.6589136683
1.4510000000	2.8417355254E-7	-24.6541204103
1.4500000000	2.8464808184E-7	-24.6233513067
1.4490000000	2.8534460322E-7	-24.6619657375
1.4480000000	2.8581212182E-7	-24.6705515953
1.4470000000	2.8619502154E-7	-24.6417337847
1.4460000000	2.8672782656E-7	-24.6504951587
1.4450000000	2.8726755828E-7	-24.6904167168
1.4440000000	2.8772256384E-7	-24.6934714304
1.4430000000	2.8805269845E-7	-24.6696285877
1.4420000000	2.8861402129E-7	-24.6630120730
1.4410000000	2.8936549047E-7	-24.6833695552
1.4400000000	2.8972302808E-7	-24.7268393188
1.4390000000	2.9016383726E-7	-24.7374078117
1.4380000000	2.9088787448E-7	-24.6905769706
1.4370000000	2.9144446638E-7	-24.7097279201
1.4360000000	2.9192049799E-7	-24.7484095361
1.4350000000	2.9248551162E-7	-24.7161585758
1.4340000000	2.9317643120E-7	-24.7103736917
1.4330000000	2.9382098769E-7	-24.7525729672
1.4320000000	2.9417067362E-7	-24.7649244422
1.4310000000	2.9478214845E-7	-24.7659637698
1.4300000000	2.9565666525E-7	-24.7562863236
1.4290000000	2.9614172495E-7	-24.7315481964
1.4280000000	2.9651566883E-7	-24.7540061738
1.4270000000	2.9708141150E-7	-24.8026734165
1.4260000000	2.9765842034E-7	-24.7759472070
1.4250000000	2.9802391115E-7	-24.7680777131
1.4240000000	2.9851472088E-7	-24.7986000288
1.4230000000	2.9932927630E-7	-24.8307285702
1.4220000000	2.9998163996E-7	-24.8221101947
1.4210000000	3.0028228200E-7	-24.8138673710
1.4200000000	3.0077870378E-7	-24.8068718074
1.4190000000	3.0168770714E-7	-24.8245770481
1.4180000000	3.0237119665E-7	-24.8680198482
1.4170000000	3.0291695526E-7	-24.8685394610
1.4160000000	3.0370371613E-7	-24.8361339710
1.4150000000	3.0461276671E-7	-24.8535818733
1.4140000000	3.0528374287E-7	-24.8914363220
1.4130000000	3.0605349310E-7	-24.8786439132
1.4120000000	3.0692748959E-7	-24.8688314495
1.4110000000	3.0777177452E-7	-24.8856463533
1.4100000000	3.0850111331E-7	-24.8823886888
1.4090000000	3.0921299616E-7	-24.9104710029
1.4080000000	3.1027442035E-7	-24.9497577566
1.4070000000	3.1133520382E-7	-24.9121192090
1.4060000000	3.1213026030E-7	-24.9091035958
1.4050000000	3.1285261078E-7	-24.9534863527
1.4040000000	3.1397358848E-7	-24.9402188818
1.4030000000	3.1486160412E-7	-24.9234724663
1.4020000000	3.1548248098E-7	-24.9527860904
1.4010000000	3.1632153774E-7	-25.0041454058
1.4000000000	3.1710340526E-7	-24.9962739647
1.3990000000	3.1778192168E-7	-24.9855891094
1.3980000000	3.1825152167E-7	-24.9807518900
1.3970000000	3.1868210697E-7	-24.9736429945
1.3960000000	3.1931495959E-7	-25.0070616251
1.3950000000	3.1976697129E-7	-25.0327515863
1.3940000000	3.2008547670E-7	-24.9944763128
1.3930000000	3.2080117283E-7	-24.9981408913
1.3920000000	3.2123528316E-7	-25.0535613824
1.3910000000	3.2150480717E-7	-25.0826530540
1.3900000000	3.2176669282E-7	-25.0722294181
1.3890000000	3.2238030653E-7	-25.0612368733
1.3880000000	3.2268076560E-7	-25.0533434901
1.3870000000	3.2276720473E-7	-25.0861492695
1.3860000000	3.2309910707E-7	-25.1269376055
1.3850000000	3.2363552844E-7	-25.1109475961
1.3840000000	3.2384819400E-7	-25.0819848249
1.3830000000	3.2383256035E-7	-25.1002764305
1.3820000000	3.2436032705E-7	-25.1418551597
1.3810000000	3.2485449372E-7	-25.1461508863
1.3800000000	3.2514299310E-7	-25.1337723572
1.3790000000	3.2528496318E-7	-25.1389673811
1.3780000000	3.2577955351E-7	-25.1434145044
1.3770000000	3.2613883326E-7	-25.1815250904
1.3760000000	3.2629204803E-7	-25.2028339753
1.3750000000	3.2630863968E-7	-25.1731336034
1.3740000000	3.2658276417E-7	-25.1673957079
1.3730000000	3.2661555744E-7	-25.2154836558
1.3720000000	3.2635534085E-7	-25.2144859264
1.3710000000	3.2647508762E-7	-25.1989659149
1.3700000000	3.2679901813E-7	-25.2117709625
1.3690000000	3.2679357711E-7	-25.2459439083
1.3680000000	3.2657286077E-7	-25.2473282149
1.3670000000	3.2663768960E-7	-25.2475897937
1.3660000000	3.2680446563E-7	-25.2619084652
1.3650000000	3.2663768960E-7	-25.2475897937
1.3640000000	3.2656754076E-7	-25.2815254059
1.3630000000	3.2678527938E-7	-25.3143017108
1.3620000000	3.2655413275E-7	-25.2884579290
1.3610000000	3.2634682937E-7	-25.2829347357
1.3600000000	3.2636546977E-7	-25.3379006952
1.3590000000	3.2641419642E-7	-25.3678419965
1.3580000000	3.2622339815E-7	-25.3328094827
1.3570000000	3.2581837524E-7	-25.3381210037
1.3560000000	3.2591032049E-7	-25.3361080192
1.3550000000	3.2590708936E-7	-25.3591372667
1.3540000000	3.2574630179E-7	-25.4066139054
1.3530000000	3.2564415369E-7	-25.3810658748
1.3520000000	3.2577606734E-7	-25.3700594681
1.3510000000	3.2578582533E-7	-25.3974717077
1.3500000000	3.2557321159E-7	-25.4380362666
1.3490000000	3.2539240397E-7	-25.4190584456
1.3480000000	3.2547058912E-7	-25.4238221302
1.3470000000	3.2546505354E-7	-25.4697103143
1.3460000000	3.2511379862E-7	-25.4708916029
1.3450000000	3.2500907720E-7	-25.4796860108
1.3440000000	3.2518866569E-7	-25.4985692977
1.3430000000	3.2485312922E-7	-25.4699346265
1.3420000000	3.2474840696E-7	-25.4787357849
1.3410000000	3.2493852971E-7	-25.5252737342
1.3400000000	3.2488619174E-7	-25.5296813642
1.3390000000	3.2455056710E-7	-25.5010521717
1.3380000000	3.2444303826E-7	-25.5330063852
1.3370000000	3.2456359142E-7	-25.6367470387
1.3360000000	3.2474859536E-7	-25.6097352595
1.3350000000	3.2446284869E-7	-25.5996528447
1.3340000000	3.2427996772E-7	-25.6037709768
1.3330000000	3.2455494020E-7	-25.5861876088
1.3320000000	3.2468071997E-7	-25.6325040529
1.3310000000	3.2437968616E-7	-25.6523371772
1.3300000000	3.2430290739E-7	-25.6359217544
1.3290000000	3.2451235423E-7	-25.6297300392
1.3280000000	3.2453389257E-7	-25.6735385407
1.3270000000	3.2446512149E-7	-25.7191582230
1.3260000000	3.2457159418E-7	-25.6873802514
1.3250000000	3.2468861093E-7	-25.6944842377
1.3240000000	3.2454546042E-7	-25.6895994426
1.3230000000	3.2455803284E-7	-25.6942129170
1.3220000000	3.2458075119E-7	-25.7379342717
1.3210000000	3.2467078158E-7	-25.7473194629
1.3200000000	3.2454254638E-7	-25.7239397814
1.3190000000	3.2448978928E-7	-25.7399926293
1.3180000000	3.2471984091E-7	-25.7887955484
1.3170000000	3.2486301817E-7	-25.7822749614
1.3160000000	3.2469461192E-7	-25.7795801759
1.3150000000	3.2471896887E-7	-25.8002363938
1.3140000000	3.2484864926E-7	-25.8005417279
1.3130000000	3.2472860473E-7	-25.8394004133
1.3120000000	3.2463605174E-7	-25.8643740715
1.3110000000	3.2453447499E-7	-25.8273590650
1.3100000000	3.2472778996E-7	-25.8508410804
1.3090000000	3.2478993863E-7	-25.8968964592
1.3080000000	3.2433547523E-7	-25.8844249616
1.3070000000	3.2436234540E-7	-25.8707349875
1.3060000000	3.2426986986E-7	-25.8957457899
1.3050000000	3.2399282448E-7	-25.9482438171
1.3040000000	3.2372014144E-7	-25.9315760406
1.3030000000	3.2379786030E-7	-25.9477141352
1.3020000000	3.2362713430E-7	-25.9681336897
1.3010000000	3.2322543528E-7	-25.9397235373
1.3000000000	3.2297647391E-7	-25.9669311109
