2.3000000000	1.1746606672E-9	-41.9872415000
2.2990000000	1.1943261614E-9	-43.0250963841
2.2980000000	1.1746606672E-9	-41.9872415000
2.2970000000	1.1943261614E-9	-43.0250963841
2.2960000000	1.1746606672E-9	-41.9872415000
2.2950000000	1.1746606672E-9	-41.9872415000
2.2940000000	1.1746606672E-9	-41.9872415000
2.2930000000	1.1746606672E-9	-41.9872415000
2.2920000000	1.1746606672E-9	-41.9872415000
2.2910000000	1.1746606672E-9	-41.9872415000
2.2900000000	1.1943261614E-9	-43.0250963841
2.2890000000	1.1746606672E-9	-41.9872415000
2.2880000000	1.1746606672E-9	-41.9872415000
2.2870000000	1.1943261614E-9	-43.0250963841
2.2860000000	1.1943261614E-9	-43.0250963841
2.2850000000	1.1746606672E-9	-41.9872415000
2.2840000000	1.1553936438E-9	-40.9144107013
2.2830000000	1.1553936438E-9	-40.9144107013
2.2820000000	1.1943261614E-9	-43.0250963841
2.2810000000	1.1531929420E-9	-42.9545890033
2.2800000000	1.1531929420E-9	-42.9545890033
2.2790000000	1.1335610925E-9	-41.8778656447
2.2780000000	1.1531929420E-9	-42.9545890033
2.2770000000	1.1335610925E-9	-41.8778656447
2.2760000000	1.1335610925E-9	-41.8778656447
2.2750000000	1.1335610925E-9	-41.8778656447
2.2740000000	1.1553936438E-9	-40.9144107013
2.2730000000	1.1746606672E-9	-41.9872415000
2.2720000000	1.1531929420E-9	-42.9545890033
2.2710000000	1.1531929420E-9	-42.9545890033
2.2700000000	1.1531929420E-9	-42.9545890033
2.2690000000	1.1335610925E-9	-41.8778656447
2.2680000000	1.1531929420E-9	-42.9545890033
2.2670000000	1.1531929420E-9	-42.9545890033
2.2660000000	1.1335610925E-9	-41.8778656447
2.2650000000	1.1335610925E-9	-41.8778656447
2.2640000000	1.1531929420E-9	-42.9545890033
2.2630000000	1.1531929420E-9	-42.9545890033
2.2620000000	1.1531929420E-9	-42.9545890033
2.2610000000	1.1531929420E-9	-42.9545890033
2.2600000000	1.1335610925E-9	-41.8778656447
2.2590000000	1.1531929420E-9	-42.9545890033
2.2580000000	1.1335610925E-9	-41.8778656447
2.2570000000	1.1335610925E-9	-41.8778656447
2.2560000000	1.1531929420E-9	-42.9545890033
2.2550000000	1.1335610925E-9	-41.8778656447
2.2540000000	1.1531929420E-9	-42.9545890033
2.2530000000	1.1531929420E-9	-42.9545890033
2.2520000000	1.1335610925E-9	-41.8778656447
2.2510000000	1.1335610925E-9	-41.8778656447
2.2500000000	1.1335610925E-9	-41.8778656447
2.2490000000	1.1335610925E-9	-41.8778656447
2.2480000000	1.1335610925E-9	-41.8778656447
2.2470000000	1.1335610925E-9	-41.8778656447
2.2460000000	1.1335610925E-9	-41.8778656447
2.2450000000	1.1335610925E-9	-41.8778656447
2.2440000000	1.1531929420E-9	-42.9545890033
2.2430000000	1.1531929420E-9	-42.9545890033
2.2420000000	1.1335610925E-9	-41.8778656447
2.2410000000	1.1335610925E-9	-41.8778656447
2.2400000000	1.1320656249E-9	-43.9583720228
2.2390000000	1.1335610925E-9	-41.8778656447
2.2380000000	1.1531929420E-9	-42.9545890033
2.2370000000	1.1335610925E-9	-41.8778656447
2.2360000000	1.1335610925E-9	-41.8778656447
2.2350000000	1.1531929420E-9	-42.9545890033
2.2340000000	1.1531929420E-9	-42.9545890033
2.2330000000	1.1335610925E-9	-41.8778656447
2.2320000000	1.1120608653E-9	-42.8789009065
2.2310000000	1.1335610925E-9	-41.8778656447
2.2300000000	1.1531929420E-9	-42.9545890033
2.2290000000	1.1335610925E-9	-41.8778656447
2.2280000000	1.1335610925E-9	-41.8778656447
2.2270000000	1.1335610925E-9	-41.8778656447
2.2260000000	1.1335610925E-9	-41.8778656447
2.2250000000	1.1335610925E-9	-41.8778656447
2.2240000000	1.1120608653E-9	-42.8789009065
2.2230000000	1.1120608653E-9	-42.8789009065
2.2220000000	1.1120608653E-9	-42.8789009065
2.2210000000	1.1120608653E-9	-42.8789009065
2.2200000000	1.1335610925E-9	-41.8778656447
2.2190000000	1.1335610925E-9	-41.8778656447
2.2180000000	1.1335610925E-9	-41.8778656447
2.2170000000	1.1335610925E-9	-41.8778656447
2.2160000000	1.1531929420E-9	-42.9545890033
2.2150000000	1.1531929420E-9	-42.9545890033
2.2140000000	1.1335610925E-9	-41.8778656447
2.2130000000	1.1531929420E-9	-42.9545890033
2.2120000000	1.1320656249E-9	-43.9583720228
2.2110000000	1.1531929420E-9	-42.9545890033
2.2100000000	1.1335610925E-9	-41.8778656447
2.2090000000	1.1120608653E-9	-42.8789009065
2.2080000000	1.1320656249E-9	-43.9583720228
2.2070000000	1.1335610925E-9	-41.8778656447
2.2060000000	1.1120608653E-9	-42.8789009065
2.2050000000	1.1335610925E-9	-41.8778656447
2.2040000000	1.1335610925E-9	-41.8778656447
2.2030000000	1.1335610925E-9	-41.8778656447
2.2020000000	1.1335610925E-9	-41.8778656447
2.2010000000	1.1120608653E-9	-42.8789009065
2.2000000000	1.1120608653E-9	-42.8789009065
2.1990000000	1.1335610925E-9	-41.8778656447
2.1980000000	1.1120608653E-9	-42.8789009065
2.1970000000	1.1335610925E-9	-41.8778656447
2.1960000000	1.1120608653E-9	-42.8789009065
2.1950000000	1.1320656249E-9	-43.9583720228
2.1940000000	1.1531929420E-9	-42.9545890033
2.1930000000	1.1320656249E-9	-43.9583720228
2.1920000000	1.1120608653E-9	-42.8789009065
2.1910000000	1.1120608653E-9	-42.8789009065
2.1900000000	1.1335610925E-9	-41.8778656447
2.1890000000	1.1335610925E-9	-41.8778656447
2.1880000000	1.1335610925E-9	-41.8778656447
2.1870000000	1.1335610925E-9	-41.8778656447
2.1860000000	1.1120608653E-9	-42.8789009065
2.1850000000	1.1335610925E-9	-41.8778656447
2.1840000000	1.1531929420E-9	-42.9545890033
2.1830000000	1.1120608653E-9	-42.8789009065
2.1820000000	1.1335610925E-9	-41.8778656447
2.1810000000	1.1120608653E-9	-42.8789009065
2.1800000000	1.1120608653E-9	-42.8789009065
2.1790000000	1.1120608653E-9	-42.8789009065
2.1780000000	1.1320656249E-9	-43.9583720228
2.1770000000	1.1335610925E-9	-41.8778656447
2.1760000000	1.1120608653E-9	-42.8789009065
2.1750000000	1.1120608653E-9	-42.8789009065
2.1740000000	1.1120608653E-9	-42.8789009065
2.1730000000	1.1120608653E-9	-42.8789009065
2.1720000000	1.0909134115E-9	-43.9190744122
2.1710000000	1.1335610925E-9	-41.8778656447
2.1700000000	1.1120608653E-9	-42.8789009065
2.1690000000	1.0909134115E-9	-43.9190744122
2.1680000000	1.0909134115E-9	-43.9190744122
2.1670000000	1.1120608653E-9	-42.8789009065
2.1660000000	1.1120608653E-9	-42.8789009065
2.1650000000	1.1120608653E-9	-42.8789009065
2.1640000000	1.1120608653E-9	-42.8789009065
2.1630000000	1.1120608653E-9	-42.8789009065
2.1620000000	1.1120608653E-9	-42.8789009065
2.1610000000	1.0909134115E-9	-43.9190744122
2.1600000000	1.0909134115E-9	-43.9190744122
2.1590000000	1.0909134115E-9	-43.9190744122
2.1580000000	1.0909134115E-9	-43.9190744122
2.1570000000	1.0909134115E-9	-43.9190744122
2.1560000000	1.1120608653E-9	-42.8789009065
2.1550000000	1.1120608653E-9	-42.8789009065
2.1540000000	1.0909134115E-9	-43.9190744122
2.1530000000	1.0909134115E-9	-43.9190744122
2.1520000000	1.0909134115E-9	-43.9190744122
2.1510000000	1.0909134115E-9	-43.9190744122
2.1500000000	1.1120608653E-9	-42.8789009065
2.1490000000	1.1120608653E-9	-42.8789009065
2.1480000000	1.0909134115E-9	-43.9190744122
2.1470000000	1.0709308783E-9	-42.7973989303
2.1460000000	1.1120608653E-9	-42.8789009065
2.1450000000	1.1120608653E-9	-42.8789009065
2.1440000000	1.0909134115E-9	-43.9190744122
2.1430000000	1.1120608653E-9	-42.8789009065
2.1420000000	1.1120608653E-9	-42.8789009065
2.1410000000	1.0909134115E-9	-43.9190744122
2.1400000000	1.1120608653E-9	-42.8789009065
2.1390000000	1.0909134115E-9	-43.9190744122
2.1380000000	1.1120608653E-9	-42.8789009065
2.1370000000	1.0909134115E-9	-43.9190744122
2.1360000000	1.0909134115E-9	-43.9190744122
2.1350000000	1.0909134115E-9	-43.9190744122
2.1340000000	1.0909134115E-9	-43.9190744122
2.1330000000	1.0909134115E-9	-43.9190744122
2.1320000000	1.0909134115E-9	-43.9190744122
2.1310000000	1.0909134115E-9	-43.9190744122
2.1300000000	1.0909134115E-9	-43.9190744122
2.1290000000	1.0909134115E-9	-43.9190744122
2.1280000000	1.0709308783E-9	-42.7973989303
2.1270000000	1.0909134115E-9	-43.9190744122
2.1260000000	1.0909134115E-9	-43.9190744122
2.1250000000	1.0909134115E-9	-43.9190744122
2.1240000000	1.0909134115E-9	-43.9190744122
2.1230000000	1.0909134115E-9	-43.9190744122
2.1220000000	1.0909134115E-9	-43.9190744122
2.1210000000	1.0909134115E-9	-43.9190744122
2.1200000000	1.0909134115E-9	-43.9190744122
2.1190000000	1.0909134115E-9	-43.9190744122
2.1180000000	1.0909134115E-9	-43.9190744122
2.1170000000	1.0909134115E-9	-43.9190744122
2.1160000000	1.0909134115E-9	-43.9190744122
2.1150000000	1.0909134115E-9	-43.9190744122
2.1140000000	1.0709308783E-9	-42.7973989303
2.1130000000	1.0709308783E-9	-42.7973989303
2.1120000000	1.0709308783E-9	-42.7973989303
2.1110000000	1.0909134115E-9	-43.9190744122
2.1100000000	1.0909134115E-9	-43.9190744122
2.1090000000	1.0909134115E-9	-43.9190744122
2.1080000000	1.0709308783E-9	-42.7973989303
2.1070000000	1.0709308783E-9	-42.7973989303
2.1060000000	1.0909134115E-9	-43.9190744122
2.1050000000	1.0909134115E-9	-43.9190744122
2.1040000000	1.0909134115E-9	-43.9190744122
2.1030000000	1.0909134115E-9	-43.9190744122
2.1020000000	1.0909134115E-9	-43.9190744122
2.1010000000	1.0701396453E-9	-45.0000000000
2.1000000000	1.0909134115E-9	-43.9190744122
2.0990000000	1.0701396453E-9	-45.0000000000
2.0980000000	1.0497617515E-9	-43.8766957727
2.0970000000	1.0709308783E-9	-42.7973989303
2.0960000000	1.0709308783E-9	-42.7973989303
2.0950000000	1.0709308783E-9	-42.7973989303
2.0940000000	1.0709308783E-9	-42.7973989303
2.0930000000	1.0709308783E-9	-42.7973989303
2.0920000000	1.0701396453E-9	-45.0000000000
2.0910000000	1.0909134115E-9	-43.9190744122
2.0900000000	1.0497617515E-9	-43.8766957727
2.0890000000	1.0709308783E-9	-42.7973989303
2.0880000000	1.0709308783E-9	-42.7973989303
2.0870000000	1.0497617515E-9	-43.8766957727
2.0860000000	1.0497617515E-9	-43.8766957727
2.0850000000	1.0709308783E-9	-42.7973989303
2.0840000000	1.0497617515E-9	-43.8766957727
2.0830000000	1.0497617515E-9	-43.8766957727
2.0820000000	1.0497617515E-9	-43.8766957727
2.0810000000	1.0497617515E-9	-43.8766957727
2.0800000000	1.0497617515E-9	-43.8766957727
2.0790000000	1.0497617515E-9	-43.8766957727
2.0780000000	1.0497617515E-9	-43.8766957727
2.0770000000	1.0497617515E-9	-43.8766957727
2.0760000000	1.0497617515E-9	-43.8766957727
2.0750000000	1.0497617515E-9	-43.8766957727
2.0740000000	1.0497617515E-9	-43.8766957727
2.0730000000	1.0497617515E-9	-43.8766957727
2.0720000000	1.0497617515E-9	-43.8766957727
2.0710000000	1.0497617515E-9	-43.8766957727
2.0700000000	1.0497617515E-9	-43.8766957727
2.0690000000	1.0497617515E-9	-43.8766957727
2.0680000000	1.0497617515E-9	-43.8766957727
2.0670000000	1.0497617515E-9	-43.8766957727
2.0660000000	1.0497617515E-9	-43.8766957727
2.0650000000	1.0497617515E-9	-43.8766957727
2.0640000000	1.0497617515E-9	-43.8766957727
2.0630000000	1.0497617515E-9	-43.8766957727
2.0620000000	1.0497617515E-9	-43.8766957727
2.0610000000	1.0497617515E-9	-43.8766957727
2.0600000000	1.0497617515E-9	-43.8766957727
2.0590000000	1.0497617515E-9	-43.8766957727
2.0580000000	1.0497617515E-9	-43.8766957727
2.0570000000	1.0497617515E-9	-43.8766957727
2.0560000000	1.0289803738E-9	-45.0000000000
2.0550000000	1.0497617515E-9	-43.8766957727
2.0540000000	1.0497617515E-9	-43.8766957727
2.0530000000	1.0497617515E-9	-43.8766957727
2.0520000000	1.0289803738E-9	-45.0000000000
2.0510000000	1.0497617515E-9	-43.8766957727
2.0500000000	1.0289803738E-9	-45.0000000000
2.0490000000	1.0497617515E-9	-43.8766957727
2.0480000000	1.0497617515E-9	-43.8766957727
2.0470000000	1.0289803738E-9	-45.0000000000
2.0460000000	1.0289803738E-9	-45.0000000000
2.0450000000	1.0497617515E-9	-43.8766957727
2.0440000000	1.0289803738E-9	-45.0000000000
2.0430000000	1.0289803738E-9	-45.0000000000
2.0420000000	1.0289803738E-9	-45.0000000000
2.0410000000	1.0289803738E-9	-45.0000000000
2.0400000000	1.0289803738E-9	-45.0000000000
2.0390000000	1.0289803738E-9	-45.0000000000
2.0380000000	1.0086107127E-9	-43.8308590329
2.0370000000	1.0086107127E-9	-43.8308590329
2.0360000000	1.0289803738E-9	-45.0000000000
2.0350000000	1.0289803738E-9	-45.0000000000
2.0340000000	1.0289803738E-9	-45.0000000000
2.0330000000	1.0289803738E-9	-45.0000000000
2.0320000000	1.0289803738E-9	-45.0000000000
2.0310000000	1.0086107127E-9	-43.8308590329
2.0300000000	1.0289803738E-9	-45.0000000000
2.0290000000	1.0289803738E-9	-45.0000000000
2.0280000000	1.0289803738E-9	-45.0000000000
2.0270000000	1.0289803738E-9	-45.0000000000
2.0260000000	1.0086107127E-9	-43.8308590329
2.0250000000	1.0086107127E-9	-43.8308590329
2.0240000000	1.0289803738E-9	-45.0000000000
2.0230000000	1.0289803738E-9	-45.0000000000
2.0220000000	1.0086107127E-9	-46.1691409671
2.0210000000	1.0289803738E-9	-45.0000000000
2.0200000000	1.0289803738E-9	-45.0000000000
2.0190000000	1.0086107127E-9	-43.8308590329
2.0180000000	1.0086107127E-9	-43.8308590329
2.0170000000	1.0086107127E-9	-46.1691409671
2.0160000000	1.0086107127E-9	-46.1691409671
2.0150000000	1.0086107127E-9	-43.8308590329
2.0140000000	1.0086107127E-9	-43.8308590329
2.0130000000	1.0086107127E-9	-43.8308590329
2.0120000000	1.0086107127E-9	-43.8308590329
2.0110000000	1.0086107127E-9	-46.1691409671
2.0100000000	1.0086107127E-9	-43.8308590329
2.0090000000	9.8782110225E-10	-45.0000000000
2.0080000000	9.8782110225E-10	-45.0000000000
2.0070000000	9.8782110225E-10	-45.0000000000
2.0060000000	9.8782110225E-10	-45.0000000000
2.0050000000	9.6746106624E-10	-46.2188342585
2.0040000000	9.8782110225E-10	-45.0000000000
2.0030000000	1.0086107127E-9	-46.1691409671
2.0020000000	9.8782110225E-10	-45.0000000000
2.0010000000	9.8782110225E-10	-45.0000000000
2.0000000000	9.8782110225E-10	-45.0000000000
1.9990000000	9.8782110225E-10	-45.0000000000
1.9980000000	9.6746106624E-10	-46.2188342585
1.9970000000	9.6746106624E-10	-46.2188342585
1.9960000000	9.6746106624E-10	-46.2188342585
1.9950000000	9.6746106624E-10	-46.2188342585
1.9940000000	9.8782110225E-10	-45.0000000000
1.9930000000	9.8782110225E-10	-45.0000000000
1.9920000000	9.6746106624E-10	-46.2188342585
1.9910000000	9.8782110225E-10	-45.0000000000
1.9900000000	9.8782110225E-10	-45.0000000000
1.9890000000	9.6746106624E-10	-46.2188342585
1.9880000000	9.6746106624E-10	-46.2188342585
1.9870000000	9.6746106624E-10	-46.2188342585
1.9860000000	9.6746106624E-10	-46.2188342585
1.9850000000	9.6746106624E-10	-46.2188342585
1.9840000000	9.6746106624E-10	-46.2188342585
1.9830000000	9.6746106624E-10	-43.7811657415
1.9820000000	9.8782110225E-10	-45.0000000000
1.9810000000	9.6746106624E-10	-46.2188342585
1.9800000000	9.6746106624E-10	-46.2188342585
1.9790000000	9.6746106624E-10	-46.2188342585
1.9780000000	9.6746106624E-10	-46.2188342585
1.9770000000	9.6746106624E-10	-46.2188342585
1.9760000000	9.6746106624E-10	-46.2188342585
1.9750000000	9.6746106624E-10	-46.2188342585
1.9740000000	9.6746106624E-10	-46.2188342585
1.9730000000	9.6746106624E-10	-46.2188342585
1.9720000000	9.6746106624E-10	-46.2188342585
1.9710000000	9.6746106624E-10	-46.2188342585
1.9700000000	9.6746106624E-10	-46.2188342585
1.9690000000	9.4755685210E-10	-47.4895120631
1.9680000000	9.2631224358E-10	-46.2730300201
1.9670000000	9.2631224358E-10	-46.2730300201
1.9660000000	9.6746106624E-10	-46.2188342585
1.9650000000	9.2631224358E-10	-46.2730300201
1.9640000000	9.4666324494E-10	-45.0000000000
1.9630000000	9.4755685210E-10	-47.4895120631
1.9620000000	9.4755685210E-10	-47.4895120631
1.9610000000	9.2631224358E-10	-46.2730300201
1.9600000000	9.4755685210E-10	-47.4895120631
1.9590000000	9.4755685210E-10	-47.4895120631
1.9580000000	9.2631224358E-10	-46.2730300201
1.9570000000	9.2631224358E-10	-46.2730300201
1.9560000000	9.0550397342E-10	-45.0000000000
1.9550000000	9.2631224358E-10	-46.2730300201
1.9540000000	9.2631224358E-10	-46.2730300201
1.9530000000	9.0643892873E-10	-47.6025622025
1.9520000000	8.8516360341E-10	-46.3322198539
1.9510000000	9.0643892873E-10	-47.6025622025
1.9500000000	9.0643892873E-10	-47.6025622025
1.9490000000	9.0643892873E-10	-47.6025622025
1.9480000000	8.8516360341E-10	-46.3322198539
1.9470000000	9.0643892873E-10	-47.6025622025
1.9460000000	8.8516360341E-10	-46.3322198539
1.9450000000	8.8516360341E-10	-46.3322198539
1.9440000000	8.8516360341E-10	-46.3322198539
1.9430000000	8.6532412964E-10	-47.7263109939
1.9420000000	8.6532412964E-10	-47.7263109939
1.9410000000	8.4401600000E-10	-46.3971810273
1.9400000000	8.6532412964E-10	-47.7263109939
1.9390000000	8.4602079142E-10	-49.1849161251
1.9380000000	8.4602079142E-10	-49.1849161251
1.9370000000	8.4602079142E-10	-49.1849161251
1.9360000000	8.4602079142E-10	-49.1849161251
1.9350000000	8.4602079142E-10	-49.1849161251
1.9340000000	8.2421376986E-10	-47.8624052261
1.9330000000	8.0497751645E-10	-49.3986513135
1.9320000000	8.0497751645E-10	-49.3986513135
1.9310000000	7.8634740746E-10	-51.0089493250
1.9300000000	7.8634740746E-10	-51.0089493250
1.9290000000	7.8634740746E-10	-51.0089493250
1.9280000000	7.4542673592E-10	-51.3401317259
1.9270000000	7.4542673592E-10	-51.3401317259
1.9260000000	7.2759940000E-10	-53.1301653512
1.9250000000	7.2759940000E-10	-53.1301653512
1.9240000000	7.2759940000E-10	-53.1301653512
1.9230000000	6.8687847077E-10	-53.6157153377
1.9220000000	6.8687847077E-10	-53.6157153377
1.9210000000	6.6367348685E-10	-52.1251374970
1.9200000000	6.4621448145E-10	-54.1623989575
1.9190000000	6.2961661798E-10	-56.3099829523
1.9180000000	6.1395040587E-10	-58.5704830485
1.9170000000	5.8931192428E-10	-57.0948098946
1.9160000000	5.7402146733E-10	-59.5345056886
1.9150000000	5.9928891340E-10	-60.9454423314
1.9140000000	5.5982750152E-10	-62.1027768552
1.9130000000	5.4681542003E-10	-64.7989209699
1.9120000000	5.0828042477E-10	-66.3706674515
1.9110000000	4.9733030634E-10	-69.4439952322
1.9100000000	4.6017369642E-10	-71.5650118039
1.9090000000	4.6017369642E-10	-71.5650118039
1.9080000000	4.2375967491E-10	-74.0545669545
1.9070000000	4.1159173939E-10	-81.8698641786
1.9060000000	3.7946974127E-10	-85.6012795906
1.9050000000	3.5045857693E-10	85.2363420169
1.9040000000	3.5406545780E-10	80.5376618299
1.9030000000	3.3183662941E-10	74.7448979548
1.9020000000	3.2539261209E-10	63.4349488229
1.9010000000	3.2539261209E-10	63.4349488229
1.9000000000	3.3183665572E-10	52.1250163489
1.8990000000	3.7043344367E-10	45.0000000000
1.8980000000	3.7271305561E-10	38.6598082541
1.8970000000	4.2971541035E-10	28.3007557660
1.8960000000	4.4329800180E-10	23.1986414273
1.8950000000	4.8787289597E-10	17.3539896069
1.8940000000	5.3665221996E-10	12.5287845485
1.8930000000	6.1738905865E-10	8.1300931671
1.8920000000	6.7191802519E-10	4.9697492233
1.8910000000	7.2818085215E-10	2.2906210495
1.8900000000	8.1491100000E-10	0.0000000000
1.8890000000	8.7360293644E-10	-1.9091633579
1.8880000000	9.6439454387E-10	-5.1944122334
1.8870000000	1.0513816768E-9	-4.7636091063
1.8860000000	1.1443501536E-9	-7.3057340657
1.8850000000	1.2392310176E-9	-9.4623070061
1.8840000000	1.3302151866E-9	-10.0805979875
1.8830000000	1.4213344181E-9	-10.6196701340
1.8820000000	1.5469007754E-9	-11.9441618573
1.8810000000	1.6731597259E-9	-13.0693488707
1.8800000000	1.7999827494E-9	-14.0362125870
1.8790000000	1.9272515765E-9	-14.8756802058
1.8780000000	2.0829232749E-9	-15.3955200432
1.8770000000	2.1828019200E-9	-16.2601900090
1.8760000000	2.3306854234E-9	-15.9453823939
1.8750000000	2.4671500484E-9	-17.1524269454
1.8740000000	2.6148246736E-9	-16.8214142800
1.8730000000	2.8074441090E-9	-17.4957261417
1.8720000000	2.9637546601E-9	-17.7231880175
1.8710000000	3.1660531729E-9	-18.7680717118
1.8700000000	3.3225744168E-9	-18.9111238796
1.8690000000	3.5341810234E-9	-18.7334751220
1.8680000000	3.7276955500E-9	-19.1423173929
1.8670000000	3.9488315746E-9	-19.3697235366
1.8660000000	4.1798524604E-9	-19.9488981048
1.8650000000	4.4011586771E-9	-20.1126037849
1.8640000000	4.5851556955E-9	-20.0451447266
1.8630000000	4.8064802506E-9	-20.1906140006
1.8620000000	5.0380197139E-9	-20.6334736643
1.8610000000	5.2970079554E-9	-20.9245017449
1.8600000000	5.5456651472E-9	-20.9079685424
1.8590000000	5.8319149080E-9	-21.0580863657
1.8580000000	6.1182102802E-9	-21.1941224123
1.8570000000	6.4045241071E-9	-21.3179447985
1.8560000000	6.7015656684E-9	-21.6628098716
1.8550000000	7.0150259423E-9	-21.6690334187
1.8540000000	7.3284733056E-9	-21.6746807890
1.8530000000	7.6797519632E-9	-21.8014233404
1.8520000000	7.9661887826E-9	-21.8791408268
1.8510000000	8.3066891362E-9	-21.8013582527
1.8500000000	8.6688916750E-9	-22.0871076974
1.8490000000	9.0472298560E-9	-22.1093823369
1.8480000000	9.4525319232E-9	-22.0634223769
1.8470000000	9.8418541188E-9	-22.2419210224
1.8460000000	1.0220190788E-8	-22.2559294013
1.8450000000	1.0636506322E-8	-22.3545767989
1.8440000000	1.1079751999E-8	-22.3883370897
1.8430000000	1.1496156096E-8	-22.4747640744
1.8420000000	1.2015455730E-8	-22.6519533308
1.8410000000	1.2447586793E-8	-22.5477117160
1.8400000000	1.2848325621E-8	-22.7896172732
1.8390000000	1.3307254597E-8	-22.6391076899
1.8380000000	1.3761719734E-8	-22.7690627704
1.8370000000	1.4231879750E-8	-22.7370180139
1.8360000000	1.4740041500E-8	-22.7678912517
1.8350000000	1.5313228913E-8	-22.8125628024
1.8340000000	1.5832809947E-8	-22.9358100967
1.8330000000	1.6341087303E-8	-22.9573398350
1.8320000000	1.6941101605E-8	-22.9529214386
1.8310000000	1.7514230776E-8	-22.9860511003
1.8300000000	1.8114244369E-8	-22.9809678267
1.8290000000	1.8714258096E-8	-22.9762105114
1.8280000000	1.9260620465E-8	-23.0395162165
1.8270000000	1.9860632344E-8	-23.0332646830
1.8260000000	2.0525590423E-8	-23.0385876937
1.8250000000	2.1163777616E-8	-23.0744389480
1.8240000000	2.1866924146E-8	-23.1184716793
1.8230000000	2.2543238886E-8	-23.1889491189
1.8220000000	2.3234951429E-8	-23.1609399120
1.8210000000	2.3926669202E-8	-23.1345501862
1.8200000000	2.4721544818E-8	-23.1543360366
1.8190000000	2.5436193565E-8	-23.2502914015
1.8180000000	2.6154626357E-8	-23.1985617489
1.8170000000	2.6911320142E-8	-23.1824040416
1.8160000000	2.7614479204E-8	-23.2144465550
1.8150000000	2.8290819091E-8	-23.2682369211
1.8140000000	2.9047503264E-8	-23.2514524287
1.8130000000	2.9869110322E-8	-23.2425932107
1.8120000000	3.0675521116E-8	-23.3057667190
1.8110000000	3.1535363291E-8	-23.3235998440
1.8100000000	3.2345458345E-8	-23.2662516283
1.8090000000	3.3178697087E-8	-23.3041658626
1.8080000000	3.4065263455E-8	-23.3013519507
1.8070000000	3.4936673182E-8	-23.3615394042
1.8060000000	3.5926554230E-8	-23.3873930217
1.8050000000	3.6813156997E-8	-23.3829276597
1.8040000000	3.7688222381E-8	-23.3380648019
1.8030000000	3.8521354936E-8	-23.3690895646
1.8020000000	3.9499641124E-8	-23.3538578806
1.8010000000	4.0451173093E-8	-23.3555619039
1.8000000000	4.1467712530E-8	-23.3623454788
1.7990000000	4.2430884965E-8	-23.3997992185
1.7980000000	4.3394022747E-8	-23.4357639582
1.7970000000	4.4425667458E-8	-23.3907815305
1.7960000000	4.5453772703E-8	-23.4298494138
1.7950000000	4.6512131040E-8	-23.3727624232
1.7940000000	4.7620444285E-8	-23.3687245509
1.7930000000	4.8530159312E-8	-23.4287541950
1.7920000000	4.9416720035E-8	-23.4245792486
1.7910000000	5.0421661440E-8	-23.3983204593
1.7900000000	5.1438204134E-8	-23.4029441338
1.7890000000	5.2519809826E-8	-23.4112554763
1.7880000000	5.3574583530E-8	-23.4315450842
1.7870000000	5.4656101047E-8	-23.4390072616
1.7860000000	5.5672606589E-8	-23.4424419273
1.7850000000	5.6731082232E-8	-23.3954555646
1.7840000000	5.7824120008E-8	-23.4295565220
1.7830000000	5.9035674620E-8	-23.4433714396
1.7820000000	6.0078918564E-8	-23.4355269502
1.7810000000	6.1045589284E-8	-23.3994610294
1.7800000000	6.2035427108E-8	-23.4139499636
1.7790000000	6.3193539841E-8	-23.4480405303
1.7780000000	6.4263482586E-8	-23.4303071347
1.7770000000	6.5371843936E-8	-23.4262748461
1.7760000000	6.6480153590E-8	-23.4224903527
1.7750000000	6.7523360615E-8	-23.4157554716
1.7740000000	6.8643147200E-8	-23.4345823869
1.7730000000	6.9801311934E-8	-23.4651787452
1.7720000000	7.0832933761E-8	-23.4365378421
1.7710000000	7.1887754553E-8	-23.4513609088
1.7700000000	7.2877657616E-8	-23.4628859497
1.7690000000	7.3790951334E-8	-23.4507548857
1.7680000000	7.4845776549E-8	-23.4647917572
1.7670000000	7.5953991296E-8	-23.4609473132
1.7660000000	7.6985746515E-8	-23.4346907758
1.7650000000	7.7987136358E-8	-23.4653173164
1.7640000000	7.9068657686E-8	-23.4700135920
1.7630000000	8.0005096047E-8	-23.4969094955
1.7620000000	8.1025151131E-8	-23.4526608249
1.7610000000	8.2056871119E-8	-23.4280670795
1.7600000000	8.3096575400E-8	-23.4673864337
1.7590000000	8.3956440640E-8	-23.4724295824
1.7580000000	8.4896426529E-8	-23.4539602510
1.7570000000	8.5847959130E-8	-23.4536536517
1.7560000000	8.6826228180E-8	-23.4457715505
1.7550000000	8.7816129573E-8	-23.4553990631
1.7540000000	8.8634243267E-8	-23.4925833385
1.7530000000	8.9574179508E-8	-23.4748083617
1.7520000000	9.0464311040E-8	-23.4309824845
1.7510000000	9.1389144064E-8	-23.4381883518
1.7500000000	9.2298906834E-8	-23.4690668893
1.7490000000	9.3250439283E-8	-23.4686304798
1.7480000000	9.3995466667E-8	-23.4455036307
1.7470000000	9.4775285615E-8	-23.4712236837
1.7460000000	9.5611981726E-8	-23.4436266828
1.7450000000	9.6456773793E-8	-23.4710182103
1.7440000000	9.7289948700E-8	-23.4821637158
1.7430000000	9.8073287321E-8	-23.4687678179
1.7420000000	9.8948260962E-8	-23.4508678604
1.7410000000	9.9739679033E-8	-23.4906016249
1.7400000000	1.0053457101E-7	-23.4926256620
1.7390000000	1.0142463851E-7	-23.4533276027
1.7380000000	1.0228454168E-7	-23.4576366578
1.7370000000	1.0310261512E-7	-23.4895341360
1.7360000000	1.0389754689E-7	-23.4915514024
1.7350000000	1.0477250801E-7	-23.4744562266
1.7340000000	1.0565910536E-7	-23.4721698706
1.7330000000	1.0663733056E-7	-23.4655329604
1.7320000000	1.0752042739E-7	-23.4979834965
1.7310000000	1.0851034146E-7	-23.5052986143
1.7300000000	1.0950387321E-7	-23.4785104860
1.7290000000	1.1048191357E-7	-23.4720897107
1.7280000000	1.1153298813E-7	-23.5147472613
1.7270000000	1.1261493308E-7	-23.5174217263
1.7260000000	1.1361959790E-7	-23.5050541568
1.7250000000	1.1458264678E-7	-23.5177638381
1.7240000000	1.1570283661E-7	-23.5278669985
1.7230000000	1.1704736665E-7	-23.5054828607
1.7220000000	1.1842430138E-7	-23.5535703327
1.7210000000	1.1966242621E-7	-23.5535376803
1.7200000000	1.2109923610E-7	-23.5276007383
1.7190000000	1.2268888089E-7	-23.5305185120
1.7180000000	1.2436657241E-7	-23.5595666047
1.7170000000	1.2601030365E-7	-23.5512814890
1.7160000000	1.2765308076E-7	-23.5433478764
1.7150000000	1.2933078556E-7	-23.5711145685
1.7140000000	1.3106258824E-7	-23.5878447835
1.7130000000	1.3290070464E-7	-23.5841140283
1.7120000000	1.3514109183E-7	-23.6002751138
1.7110000000	1.3717364371E-7	-23.6008498384
1.7100000000	1.3913062519E-7	-23.5888054024
1.7090000000	1.4121720844E-7	-23.5799123219
1.7080000000	1.4354478231E-7	-23.6180278311
1.7070000000	1.4584159085E-7	-23.5978393526
1.7060000000	1.4791652786E-7	-23.5788922513
1.7050000000	1.4998410267E-7	-23.6103430072
1.7040000000	1.5218212062E-7	-23.6432438560
1.7030000000	1.5431015928E-7	-23.6158346449
1.7020000000	1.5668341984E-7	-23.6080788867
1.7010000000	1.5922450797E-7	-23.6084517654
1.7000000000	1.6142998921E-7	-23.5932840239
1.6990000000	1.6369278032E-7	-23.6253091847
1.6980000000	1.6608936280E-7	-23.6362517403
1.6970000000	1.6845421865E-7	-23.5975935517
1.6960000000	1.7090397280E-7	-23.6008633468
1.6950000000	1.7302135549E-7	-23.6415889455
1.6940000000	1.7529157229E-7	-23.6282847197
1.6930000000	1.7740471048E-7	-23.6169874150
1.6920000000	1.7946471028E-7	-23.6133711190
1.6910000000	1.8173076863E-7	-23.6214922734
1.6900000000	1.8390871065E-7	-23.6117385309
1.6890000000	1.8590069722E-7	-23.6272917553
1.6880000000	1.8790664083E-7	-23.6309351137
1.6870000000	1.8967151253E-7	-23.5991737204
1.6860000000	1.9160100150E-7	-23.5940362567
1.6850000000	1.9318413705E-7	-23.6338645033
1.6840000000	1.9481618173E-7	-23.6200381462
1.6830000000	1.9635922344E-7	-23.5899939074
1.6820000000	1.9793394751E-7	-23.6023804387
1.6810000000	1.9936416839E-7	-23.6236016570
1.6800000000	2.0069366279E-7	-23.6208086137
1.6790000000	2.0210382960E-7	-23.6080833111
1.6780000000	2.0348651478E-7	-23.5989155485
1.6770000000	2.0470134708E-7	-23.5836943887
1.6760000000	2.0582155874E-7	-23.5890150604
1.6750000000	2.0694924301E-7	-23.6197518464
1.6740000000	2.0798131000E-7	-23.6091646210
1.6730000000	2.0876728634E-7	-23.5846124016
1.6720000000	2.0962084840E-7	-23.6216555957
1.6710000000	2.1057232405E-7	-23.6208086523
1.6700000000	2.1135919842E-7	-23.5964056018
1.6690000000	2.1203559738E-7	-23.6023749086
1.6680000000	2.1272696092E-7	-23.5980210344
1.6670000000	2.1327376174E-7	-23.6020978790
1.6660000000	2.1358051364E-7	-23.6342992998
1.6650000000	2.1406576419E-7	-23.6199737690
1.6640000000	2.1460329972E-7	-23.5996435523
1.6630000000	2.1486341320E-7	-23.6032127926
1.6620000000	2.1510536590E-7	-23.6342674619
1.6610000000	2.1551324238E-7	-23.6121514429
1.6600000000	2.1563210364E-7	-23.6067841139
1.6590000000	2.1584981846E-7	-23.6236780268
1.6580000000	2.1596547207E-7	-23.6355665729
1.6570000000	2.1613654691E-7	-23.6241409595
1.6560000000	2.1632863112E-7	-23.6439518427
1.6550000000	2.1642323530E-7	-23.6245784103
1.6540000000	2.1636169178E-7	-23.6064751547
1.6530000000	2.1642649139E-7	-23.6073854712
1.6520000000	2.1643489854E-7	-23.6316362910
1.6510000000	2.1632020429E-7	-23.6196895877
1.6500000000	2.1620551946E-7	-23.6077302098
1.6490000000	2.1622559387E-7	-23.6390701127
1.6480000000	2.1615665521E-7	-23.6554893346
1.6470000000	2.1608340891E-7	-23.6303038802
1.6460000000	2.1614498087E-7	-23.6484236559
1.6450000000	2.1610997760E-7	-23.6272220410
1.6440000000	2.1602181852E-7	-23.6121494745
1.6430000000	2.1582001496E-7	-23.6440044306
1.6420000000	2.1572547576E-7	-23.6634648790
1.6410000000	2.1554822466E-7	-23.6334142012
1.6400000000	2.1535382132E-7	-23.6306939670
1.6390000000	2.1524022576E-7	-23.6777536110
1.6380000000	2.1517542198E-7	-23.6768594678
1.6370000000	2.1502245100E-7	-23.6608665614
1.6360000000	2.1484201566E-7	-23.6480596709
1.6350000000	2.1480701299E-7	-23.6267293930
1.6340000000	2.1475387605E-7	-23.6329311087
1.6330000000	2.1461691934E-7	-23.6658941828
1.6320000000	2.1443419145E-7	-23.6703132121
1.6310000000	2.1438748647E-7	-23.6418220359
1.6300000000	2.1437167747E-7	-23.6521623448
1.6290000000	2.1411684454E-7	-23.6905348772
1.6280000000	2.1413262763E-7	-23.6801794312
1.6270000000	2.1425054900E-7	-23.6748471616
1.6260000000	2.1423886568E-7	-23.6677196739
1.6250000000	2.1416238289E-7	-23.6596878431
1.6240000000	2.1421230521E-7	-23.6708334546
1.6230000000	2.1419425915E-7	-23.6984498868
1.6220000000	2.1410515392E-7	-23.6834037947
1.6210000000	2.1408590432E-7	-23.6516502736
1.6200000000	2.1417087386E-7	-23.6841929625
1.6190000000	2.1432071854E-7	-23.7175957590
1.6180000000	2.1425906419E-7	-23.6993415944
1.6170000000	2.1430048234E-7	-23.6859846556
1.6160000000	2.1447243510E-7	-23.6743228594
1.6150000000	2.1452236806E-7	-23.6854489556
1.6140000000	2.1458085899E-7	-23.7210267111
1.6130000000	2.1468392249E-7	-23.7259065007
1.6120000000	2.1480589093E-7	-23.7031314371
1.6110000000	2.1491211030E-7	-23.6906993675
1.6100000000	2.1502371239E-7	-23.7199926824
1.6090000000	2.1529560283E-7	-23.7305237640
1.6080000000	2.1550892269E-7	-23.7055944901
1.6070000000	2.1567678701E-7	-23.7113428892
1.6060000000	2.1571190768E-7	-23.7325734022
1.6050000000	2.1592208178E-7	-23.7249245016
1.6040000000	2.1612601625E-7	-23.7517269031
1.6030000000	2.1616738866E-7	-23.7384752899
1.6020000000	2.1635414431E-7	-23.7167272067
1.6010000000	2.1659852842E-7	-23.7303667015
1.6000000000	2.1680247241E-7	-23.7570803569
1.5990000000	2.1697748986E-7	-23.7283456500
1.5980000000	2.1717504582E-7	-23.7138228893
1.5970000000	2.1733362470E-7	-23.7709127243
1.5960000000	2.1743455374E-7	-23.7927162792
1.5950000000	2.1766258705E-7	-23.7578840340
1.5940000000	2.1795238314E-7	-23.7410679827
1.5930000000	2.1810854402E-7	-23.7397275090
1.5920000000	2.1810543787E-7	-23.7567897787
1.5910000000	2.1832116527E-7	-23.7902827463
1.5900000000	2.1861963797E-7	-23.7975003913
1.5890000000	2.1870231421E-7	-23.7712870492
1.5880000000	2.1866709906E-7	-23.7503291133
1.5870000000	2.1883193272E-7	-23.7729900553
1.5860000000	2.1910076235E-7	-23.8002337709
1.5850000000	2.1912729645E-7	-23.7971737777
1.5840000000	2.1910381921E-7	-23.7832483972
1.5830000000	2.1922261964E-7	-23.7778762330
1.5820000000	2.1934050684E-7	-23.7726151871
1.5810000000	2.1928132450E-7	-23.8126666698
1.5800000000	2.1939616995E-7	-23.8243511784
1.5790000000	2.1946705850E-7	-23.7912693563
1.5780000000	2.1953585004E-7	-23.7750551238
1.5770000000	2.1942573208E-7	-23.8043316424
1.5760000000	2.1946098216E-7	-23.8251845700
1.5750000000	2.1959454828E-7	-23.8097966900
1.5740000000	2.1939919945E-7	-23.8073883389
1.5730000000	2.1929307517E-7	-23.8196225212
1.5720000000	2.1939919945E-7	-23.8073883389
1.5710000000	2.1938139893E-7	-23.8343629690
1.5700000000	2.1931358634E-7	-23.8505015749
1.5690000000	2.1933135778E-7	-23.8235172943
1.5680000000	2.1943747888E-7	-23.8112833626
1.5670000000	2.1952278603E-7	-23.8429707822
1.5660000000	2.1944621170E-7	-23.8351934598
1.5650000000	2.1926654566E-7	-23.8226829172
1.5640000000	2.1952278603E-7	-23.8429707822
1.5630000000	2.1959936441E-7	-23.8507426805
1.5620000000	2.1957583738E-7	-23.8368529704
1.5610000000	2.1972696825E-7	-23.8692481832
1.5600000000	2.1964649767E-7	-23.8785370227
1.5590000000	2.1944321371E-7	-23.8521530459
1.5580000000	2.1932834656E-7	-23.8404856020
1.5570000000	2.1933324682E-7	-23.8814806006
1.5560000000	2.1959346339E-7	-23.8846629344
1.5550000000	2.1957284127E-7	-23.8538025670
1.5540000000	2.1955516489E-7	-23.8807834747
1.5530000000	2.1968185113E-7	-23.8993570652
1.5520000000	2.1976230877E-7	-23.8900620966
1.5510000000	2.1978588522E-7	-23.9039343190
1.5500000000	2.1975937298E-7	-23.9069980268
1.5490000000	2.1977704251E-7	-23.8800639184
1.5480000000	2.1977704251E-7	-23.8800639184
1.5470000000	2.1979767828E-7	-23.9108693140
1.5460000000	2.1979767828E-7	-23.9108693140
1.5450000000	2.1988015633E-7	-23.8847538257
1.5440000000	2.1980947456E-7	-23.9178035648
1.5430000000	2.1979990536E-7	-23.9687087847
1.5420000000	2.1995090951E-7	-23.9263409785
1.5410000000	2.1997741778E-7	-23.9232776072
1.5400000000	2.1995090951E-7	-23.9263409785
1.5390000000	2.2003043622E-7	-23.9171530791
1.5380000000	2.2022289988E-7	-23.9363578313
1.5370000000	2.2034965506E-7	-23.9548431743
1.5360000000	2.2040357444E-7	-23.9486158754
1.5350000000	2.2057731288E-7	-23.9203037654
1.5340000000	2.2087007900E-7	-23.9609744800
1.5330000000	2.2102621916E-7	-23.9594963418
1.5320000000	2.2101440352E-7	-23.9526024927
1.5310000000	2.2117145840E-7	-23.9510260638
1.5300000000	2.2141696475E-7	-23.9640049832
1.5290000000	2.2159960545E-7	-23.9594830833
1.5280000000	2.2193359301E-7	-23.9869376712
1.5270000000	2.2241570353E-7	-23.9891393233
1.5260000000	2.2268159912E-7	-23.9586982708
1.5250000000	2.2300661094E-7	-23.9624994093
1.5240000000	2.2344375199E-7	-23.9943409996
1.5230000000	2.2386383649E-7	-23.9790945407
1.5220000000	2.2412688328E-7	-23.9654687580
1.5210000000	2.2451108569E-7	-24.0031887727
1.5200000000	2.2500128698E-7	-24.0287228441
1.5190000000	2.2548615807E-7	-24.0142744045
1.5180000000	2.2586698006E-7	-23.9954802625
1.5170000000	2.2632259885E-7	-24.0006112935
1.5160000000	2.2688323666E-7	-23.9938837730
1.5150000000	2.2748029533E-7	-24.0071764024
1.5140000000	2.2801258418E-7	-24.0196759843
1.5130000000	2.2865079280E-7	-24.0202567487
1.5120000000	2.2925347822E-7	-24.0009054974
1.5110000000	2.2978296513E-7	-24.0295218440
1.5100000000	2.3050419914E-7	-24.0763157364
1.5090000000	2.3131963057E-7	-24.0334701113
1.5080000000	2.3207563572E-7	-24.0289022418
1.5070000000	2.3279330767E-7	-24.0207281820
1.5060000000	2.3336394592E-7	-24.0365377810
1.5050000000	2.3421850120E-7	-24.0680204723
1.5040000000	2.3498915329E-7	-24.0540582932
1.5030000000	2.3561919187E-7	-24.0321699141
1.5020000000	2.3636965444E-7	-24.0591842316
1.5010000000	2.3727998415E-7	-24.0688041427
1.5000000000	2.3806613086E-7	-24.0456586600
1.4990000000	2.3885500804E-7	-24.0759115775
1.4980000000	2.3983013453E-7	-24.0860385151
1.4970000000	2.4083450630E-7	-24.0778321020
1.4960000000	2.4166268248E-7	-24.1110040667
1.4950000000	2.4244879884E-7	-24.0881617229
1.4940000000	2.4334995389E-7	-24.0758604927
1.4930000000	2.4434887855E-7	-24.0982815052
1.4920000000	2.4523189275E-7	-24.1103275407
1.4910000000	2.4608283616E-7	-24.0884925884
1.4900000000	2.4714756254E-7	-24.1112059495
1.4890000000	2.4791941959E-7	-24.1640563674
1.4880000000	2.4863937733E-7	-24.1408941322
1.4870000000	2.4947565573E-7	-24.1280535980
1.4860000000	2.5029732913E-7	-24.1240701969
1.4850000000	2.5113362381E-7	-24.1113704591
1.4840000000	2.5184616030E-7	-24.1332864790
1.4830000000	2.5272392597E-7	-24.1743122230
1.4820000000	2.5360446966E-7	-24.1352908643
1.4810000000	2.5428104581E-7	-24.1388347938
1.4800000000	2.5500279312E-7	-24.1809059068
1.4790000000	2.5588695637E-7	-24.1921552058
1.4780000000	2.5670998565E-7	-24.1734932772
1.4770000000	2.5738789394E-7	-24.1770059362
1.4760000000	2.5805490758E-7	-24.1599268381
1.4750000000	2.5876483554E-7	-24.1954687391
1.4740000000	2.5948899819E-7	-24.2221476654
1.4730000000	2.6012991097E-7	-24.2079105598
1.4720000000	2.6088027041E-7	-24.1689829837
1.4710000000	2.6152861464E-7	-24.1890471388
1.4700000000	2.6205747722E-7	-24.2138085935
1.4690000000	2.6272576325E-7	-24.1970491557
1.4680000000	2.6352005033E-7	-24.1957240169
1.4670000000	2.6415297448E-7	-24.2239277929
1.4660000000	2.6464974771E-7	-24.2170842093
1.4650000000	2.6521792723E-7	-24.2445498433
1.4640000000	2.6591835684E-7	-24.2590553751
1.4630000000	2.6636616189E-7	-24.2293341795
1.4620000000	2.6695417088E-7	-24.2205524726
1.4610000000	2.6774188575E-7	-24.2608814248
1.4600000000	2.6831534603E-7	-24.2602653580
1.4590000000	2.6878695703E-7	-24.2420815139
1.4580000000	2.6934327303E-7	-24.2634487369
1.4570000000	2.7001512349E-7	-24.2941562196
1.4560000000	2.7056431413E-7	-24.2820870821
1.4550000000	2.7093990058E-7	-24.2935824244
1.4540000000	2.7142122069E-7	-24.2949671935
1.4530000000	2.7207706324E-7	-24.2728263453
1.4520000000	2.7252936369E-7	-24.2903705772
1.4510000000	2.7302987223E-7	-24.3302326480
1.4500000000	2.7359351414E-7	-24.3101888312
1.4490000000	2.7415760076E-7	-24.2904179208
1.4480000000	2.7460829152E-7	-24.3212336899
1.4470000000	2.7517121367E-7	-24.3747498534
1.4460000000	2.7594454713E-7	-24.3482741966
1.4450000000	2.7644979184E-7	-24.3604902037
1.4440000000	2.7675118441E-7	-24.3522368714
1.4430000000	2.7739153650E-7	-24.3383970106
1.4420000000	2.7809339816E-7	-24.3521339071
1.4410000000	2.7851692290E-7	-24.3849621268
1.4400000000	2.7891158525E-7	-24.3612949032
1.4390000000	2.7947307904E-7	-24.3550813604
1.4380000000	2.7997338677E-7	-24.3936526987
1.4370000000	2.8046516501E-7	-24.4133699650
1.4360000000	2.8093745689E-7	-24.3956313277
1.4350000000	2.8175854249E-7	-24.3915816225
1.4340000000	2.8224037084E-7	-24.3924774650
1.4330000000	2.8261851437E-7	-24.3902141697
1.4320000000	2.8313426065E-7	-24.4204410844
1.4310000000	2.8375477609E-7	-24.4409467964
1.4300000000	2.8413824906E-7	-24.4122299986
1.4290000000	2.8459075035E-7	-24.4288090817
1.4280000000	2.8515742550E-7	-24.4671353608
1.4270000000	2.8583408115E-7	-24.4695025464
1.4260000000	2.8621417653E-7	-24.4540112086
1.4250000000	2.8667241751E-7	-24.4444179269
1.4240000000	2.8742587315E-7	-24.4525665192
1.4230000000	2.8800699828E-7	-24.4828269861
1.4220000000	2.8844523953E-7	-24.5067035299
1.4210000000	2.8891738896E-7	-24.4893022913
1.4200000000	2.8961078211E-7	-24.4711669090
1.4190000000	2.9026837335E-7	-24.5066524707
1.4180000000	2.9073626919E-7	-24.5150815672
1.4170000000	2.9137684301E-7	-24.5017270724
1.4160000000	2.9235014375E-7	-24.5214038850
1.4150000000	2.9311154285E-7	-24.5598671473
1.4140000000	2.9379007494E-7	-24.5491405647
1.4130000000	2.9442831929E-7	-24.5484616020
1.4120000000	2.9510499098E-7	-24.5505679433
1.4110000000	2.9586400055E-7	-24.5330332602
1.4100000000	2.9668136584E-7	-24.5537574598
1.4090000000	2.9769094628E-7	-24.5881416064
1.4080000000	2.9854016775E-7	-24.5688619251
1.4070000000	2.9929687686E-7	-24.5638881999
1.4060000000	3.0016480318E-7	-24.5920558511
1.4050000000	3.0097697770E-7	-24.6370774993
1.4040000000	3.0171036639E-7	-24.6095598231
1.4030000000	3.0239692983E-7	-24.6287535889
1.4020000000	3.0306243998E-7	-24.6255627073
1.4010000000	3.0391250473E-7	-24.6064407215
1.4000000000	3.0458520317E-7	-24.6329059316
1.3990000000	3.0507431001E-7	-24.6628968948
1.3980000000	3.0576960127E-7	-24.6331820434
1.3970000000	3.0647137818E-7	-24.6448017681
1.3960000000	3.0685511323E-7	-24.6836315290
1.3950000000	3.0738492844E-7	-24.7038899415
1.3940000000	3.0784507917E-7	-24.6825218981
1.3930000000	3.0815793298E-7	-24.6795252777
1.3920000000	3.0839082605E-7	-24.6833605599
1.3910000000	3.0857023593E-7	-24.7038134846
1.3900000000	3.0898259417E-7	-24.7280368673
1.3890000000	3.0925530440E-7	-24.7345483212
1.3880000000	3.0939169344E-7	-24.6990620235
1.3870000000	3.0987933045E-7	-24.7406349697
1.3860000000	3.1034606981E-7	-24.7480882217
1.3850000000	3.1065932358E-7	-24.7452171963
1.3840000000	3.1070994125E-7	-24.7526920366
1.3830000000	3.1101911260E-7	-24.7736995268
1.3820000000	3.1147504786E-7	-24.7763225492
1.3810000000	3.1177168504E-7	-24.7922501425
1.3800000000	3.1208002721E-7	-24.8132240121
1.3790000000	3.1265742823E-7	-24.7879267968
1.3780000000	3.1294392336E-7	-24.7870967034
1.3770000000	3.1309326169E-7	-24.8331417111
1.3760000000	3.1323703546E-7	-24.8268168416
1.3750000000	3.1349917981E-7	-24.8163321341
1.3740000000	3.1354249356E-7	-24.8712707607
1.3730000000	3.1352410574E-7	-24.9022410639
1.3720000000	3.1372325676E-7	-24.8795192436
1.3710000000	3.1412808788E-7	-24.8744292061
1.3700000000	3.1414220166E-7	-24.8674058037
1.3690000000	3.1392053071E-7	-24.8686564774
1.3680000000	3.1405898379E-7	-24.8979726605
1.3670000000	3.1402893813E-7	-24.9238530347
1.3660000000	3.1374577264E-7	-24.9009650817
1.3650000000	3.1371759492E-7	-24.9150332842
1.3640000000	3.1389149020E-7	-24.9707443693
1.3630000000	3.1384211594E-7	-24.9513812052
1.3620000000	3.1375100254E-7	-24.9532817848
1.3610000000	3.1376142634E-7	-24.9699199148
1.3600000000	3.1380038033E-7	-24.9726502720
1.3590000000	3.1357514813E-7	-24.9976646032
1.3580000000	3.1354444326E-7	-25.0236717130
1.3570000000	3.1361368672E-7	-25.0002275580
1.3560000000	3.1351032642E-7	-24.9973404479
1.3550000000	3.1336051000E-7	-25.0393719876
1.3540000000	3.1324051786E-7	-25.0554807154
1.3530000000	3.1341479826E-7	-25.0230339627
1.3520000000	3.1336888762E-7	-25.0681232329
1.3510000000	3.1301257537E-7	-25.1044967995
1.3500000000	3.1307905949E-7	-25.0929358456
1.3490000000	3.1315875637E-7	-25.0861077987
1.3480000000	3.1306633803E-7	-25.0879635831
1.3470000000	3.1291042524E-7	-25.0896029629
1.3460000000	3.1286642665E-7	-25.1229029823
1.3450000000	3.1291292498E-7	-25.1660392251
1.3440000000	3.1291821571E-7	-25.1301860824
1.3430000000	3.1286642665E-7	-25.1229029823
1.3420000000	3.1301723640E-7	-25.1687982809
1.3410000000	3.1296227076E-7	-25.1852601934
1.3400000000	3.1279403288E-7	-25.1821416100
1.3390000000	3.1298695686E-7	-25.1948684042
1.3380000000	3.1283106105E-7	-25.1965614776
1.3370000000	3.1281716873E-7	-25.2036290498
1.3360000000	3.1286459292E-7	-25.2349658468
1.3350000000	3.1287546456E-7	-25.2516415162
1.3340000000	3.1303525950E-7	-25.2261115251
1.3330000000	3.1298128836E-7	-25.2425044762
1.3320000000	3.1289771446E-7	-25.2851549417
1.3310000000	3.1315939191E-7	-25.2742755329
1.3300000000	3.1340723333E-7	-25.2704715159
1.3290000000	3.1335958712E-7	-25.3393053271
1.3280000000	3.1329243627E-7	-25.3629299175
1.3270000000	3.1332096618E-7	-25.3367820449
1.3260000000	3.1330855707E-7	-25.3319888558
1.3250000000	3.1332096618E-7	-25.3367820449
1.3240000000	3.1355541232E-7	-25.3401526983
1.3230000000	3.1377109983E-7	-25.3861643309
1.3220000000	3.1380709685E-7	-25.4123524435
1.3210000000	3.1392921060E-7	-25.3724712982
1.3200000000	3.1401890018E-7	-25.3822794222
1.3190000000	3.1410255876E-7	-25.4513774619
1.3180000000	3.1401190138E-7	-25.4416700778
1.3170000000	3.1414247143E-7	-25.4420554773
1.3160000000	3.1441434039E-7	-25.4596549243
1.3150000000	3.1426881770E-7	-25.4781438006
1.3140000000	3.1416532918E-7	-25.4754200432
1.3130000000	3.1429179065E-7	-25.5114923165
1.3120000000	3.1452705671E-7	-25.5027472500
1.3110000000	3.1451578602E-7	-25.4861679768
1.3100000000	3.1429060502E-7	-25.5233118630
1.3090000000	3.1411902955E-7	-25.5441182307
1.3080000000	3.1412136713E-7	-25.5204661576
1.3070000000	3.1404053573E-7	-25.5509627183
1.3060000000	3.1387867060E-7	-25.6122464309
1.3050000000	3.1386309338E-7	-25.6312235908
1.3040000000	3.1378678162E-7	-25.6144174889
1.3030000000	3.1356676911E-7	-25.6041065786
1.3020000000	3.1348741288E-7	-25.6110571435
1.3010000000	3.1349931448E-7	-25.6278510498
1.3000000000	3.1328821959E-7	-25.6581396582
