2.3000000000	9.4666324494E-10	-45.0000000000
2.2990000000	9.2631224358E-10	-43.7269699799
2.2980000000	9.2631224358E-10	-46.2730300201
2.2970000000	9.0550397342E-10	-45.0000000000
2.2960000000	9.0550397342E-10	-45.0000000000
2.2950000000	9.0550397342E-10	-45.0000000000
2.2940000000	9.0550397342E-10	-45.0000000000
2.2930000000	9.0550397342E-10	-45.0000000000
2.2920000000	9.4666324494E-10	-45.0000000000
2.2910000000	9.2631224358E-10	-46.2730300201
2.2900000000	9.0550397342E-10	-45.0000000000
2.2890000000	9.0550397342E-10	-45.0000000000
2.2880000000	8.6434470191E-10	-45.0000000000
2.2870000000	8.8516360341E-10	-43.6677801461
2.2860000000	9.0550397342E-10	-45.0000000000
2.2850000000	9.4666324494E-10	-45.0000000000
2.2840000000	9.8782110225E-10	-45.0000000000
2.2830000000	9.8782110225E-10	-45.0000000000
2.2820000000	9.2631224358E-10	-43.7269699799
2.2810000000	9.2631224358E-10	-43.7269699799
2.2800000000	9.2631224358E-10	-46.2730300201
2.2790000000	9.0550397342E-10	-45.0000000000
2.2780000000	9.0550397342E-10	-45.0000000000
2.2770000000	9.0550397342E-10	-45.0000000000
2.2760000000	9.0550397342E-10	-45.0000000000
2.2750000000	9.0550397342E-10	-45.0000000000
2.2740000000	9.0550397342E-10	-45.0000000000
2.2730000000	9.0550397342E-10	-45.0000000000
2.2720000000	9.0550397342E-10	-45.0000000000
2.2710000000	9.0550397342E-10	-45.0000000000
2.2700000000	9.0550397342E-10	-45.0000000000
2.2690000000	9.0550397342E-10	-45.0000000000
2.2680000000	9.0550397342E-10	-45.0000000000
2.2670000000	9.0550397342E-10	-45.0000000000
2.2660000000	9.0550397342E-10	-45.0000000000
2.2650000000	9.0550397342E-10	-45.0000000000
2.2640000000	9.0550397342E-10	-45.0000000000
2.2630000000	9.0550397342E-10	-45.0000000000
2.2620000000	9.0550397342E-10	-45.0000000000
2.2610000000	9.0550397342E-10	-45.0000000000
2.2600000000	9.0550397342E-10	-45.0000000000
2.2590000000	9.0550397342E-10	-45.0000000000
2.2580000000	9.0550397342E-10	-45.0000000000
2.2570000000	9.0550397342E-10	-45.0000000000
2.2560000000	9.0550397342E-10	-45.0000000000
2.2550000000	9.0550397342E-10	-45.0000000000
2.2540000000	9.0550397342E-10	-45.0000000000
2.2530000000	9.0550397342E-10	-45.0000000000
2.2520000000	9.0550397342E-10	-45.0000000000
2.2510000000	9.0550397342E-10	-45.0000000000
2.2500000000	9.0550397342E-10	-45.0000000000
2.2490000000	9.0550397342E-10	-45.0000000000
2.2480000000	9.0550397342E-10	-45.0000000000
2.2470000000	9.0550397342E-10	-45.0000000000
2.2460000000	9.0550397342E-10	-45.0000000000
2.2450000000	9.0550397342E-10	-45.0000000000
2.2440000000	9.0550397342E-10	-45.0000000000
2.2430000000	9.0550397342E-10	-45.0000000000
2.2420000000	9.0550397342E-10	-45.0000000000
2.2410000000	9.0550397342E-10	-45.0000000000
2.2400000000	8.8516360341E-10	-46.3322198539
2.2390000000	9.0550397342E-10	-45.0000000000
2.2380000000	9.0550397342E-10	-45.0000000000
2.2370000000	9.0550397342E-10	-45.0000000000
2.2360000000	9.0550397342E-10	-45.0000000000
2.2350000000	9.0550397342E-10	-45.0000000000
2.2340000000	9.0550397342E-10	-45.0000000000
2.2330000000	9.0550397342E-10	-45.0000000000
2.2320000000	9.0550397342E-10	-45.0000000000
2.2310000000	9.0550397342E-10	-45.0000000000
2.2300000000	9.0550397342E-10	-45.0000000000
2.2290000000	9.0550397342E-10	-45.0000000000
2.2280000000	9.0550397342E-10	-45.0000000000
2.2270000000	9.0550397342E-10	-45.0000000000
2.2260000000	9.0550397342E-10	-45.0000000000
2.2250000000	9.0550397342E-10	-45.0000000000
2.2240000000	9.2631224358E-10	-46.2730300201
2.2230000000	9.0550397342E-10	-45.0000000000
2.2220000000	9.4666324494E-10	-45.0000000000
2.2210000000	9.4666324494E-10	-45.0000000000
2.2200000000	9.2631224358E-10	-43.7269699799
2.2190000000	9.2631224358E-10	-43.7269699799
2.2180000000	9.4666324494E-10	-45.0000000000
2.2170000000	9.4666324494E-10	-45.0000000000
2.2160000000	9.4666324494E-10	-45.0000000000
2.2150000000	9.2631224358E-10	-43.7269699799
2.2140000000	9.2631224358E-10	-43.7269699799
2.2130000000	9.4666324494E-10	-45.0000000000
2.2120000000	9.4666324494E-10	-45.0000000000
2.2110000000	9.4666324494E-10	-45.0000000000
2.2100000000	9.4666324494E-10	-45.0000000000
2.2090000000	9.4666324494E-10	-45.0000000000
2.2080000000	9.4666324494E-10	-45.0000000000
2.2070000000	9.4666324494E-10	-45.0000000000
2.2060000000	9.2631224358E-10	-43.7269699799
2.2050000000	9.0550397342E-10	-45.0000000000
2.2040000000	9.0550397342E-10	-45.0000000000
2.2030000000	9.2631224358E-10	-46.2730300201
2.2020000000	9.0550397342E-10	-45.0000000000
2.2010000000	9.0550397342E-10	-45.0000000000
2.2000000000	9.0550397342E-10	-45.0000000000
2.1990000000	9.0550397342E-10	-45.0000000000
2.1980000000	9.2631224358E-10	-46.2730300201
2.1970000000	9.0550397342E-10	-45.0000000000
2.1960000000	9.0550397342E-10	-45.0000000000
2.1950000000	9.0550397342E-10	-45.0000000000
2.1940000000	9.0550397342E-10	-45.0000000000
2.1930000000	9.0550397342E-10	-45.0000000000
2.1920000000	8.8516360341E-10	-46.3322198539
2.1910000000	9.0550397342E-10	-45.0000000000
2.1900000000	9.0550397342E-10	-45.0000000000
2.1890000000	9.0550397342E-10	-45.0000000000
2.1880000000	9.0550397342E-10	-45.0000000000
2.1870000000	9.0550397342E-10	-45.0000000000
2.1860000000	9.0550397342E-10	-45.0000000000
2.1850000000	9.0550397342E-10	-45.0000000000
2.1840000000	9.0550397342E-10	-45.0000000000
2.1830000000	9.0550397342E-10	-45.0000000000
2.1820000000	9.0550397342E-10	-45.0000000000
2.1810000000	9.0550397342E-10	-45.0000000000
2.1800000000	9.0550397342E-10	-45.0000000000
2.1790000000	9.0550397342E-10	-45.0000000000
2.1780000000	9.0550397342E-10	-45.0000000000
2.1770000000	9.0550397342E-10	-45.0000000000
2.1760000000	8.8516360341E-10	-46.3322198539
2.1750000000	8.8516360341E-10	-46.3322198539
2.1740000000	8.8516360341E-10	-46.3322198539
2.1730000000	8.8516360341E-10	-46.3322198539
2.1720000000	9.0550397342E-10	-45.0000000000
2.1710000000	8.8516360341E-10	-46.3322198539
2.1700000000	8.8516360341E-10	-46.3322198539
2.1690000000	8.6434470191E-10	-45.0000000000
2.1680000000	8.8516360341E-10	-46.3322198539
2.1670000000	8.8516360341E-10	-46.3322198539
2.1660000000	8.8516360341E-10	-46.3322198539
2.1650000000	8.6434470191E-10	-45.0000000000
2.1640000000	8.8516360341E-10	-46.3322198539
2.1630000000	8.6434470191E-10	-45.0000000000
2.1620000000	8.8516360341E-10	-46.3322198539
2.1610000000	8.8516360341E-10	-46.3322198539
2.1600000000	8.8516360341E-10	-46.3322198539
2.1590000000	8.6434470191E-10	-45.0000000000
2.1580000000	8.4401600000E-10	-46.3971810273
2.1570000000	8.4401600000E-10	-46.3971810273
2.1560000000	8.4401600000E-10	-46.3971810273
2.1550000000	8.2421376986E-10	-47.8624052261
2.1540000000	8.2421376986E-10	-47.8624052261
2.1530000000	8.2421376986E-10	-47.8624052261
2.1520000000	8.2421376986E-10	-47.8624052261
2.1510000000	8.2421376986E-10	-47.8624052261
2.1500000000	8.2421376986E-10	-47.8624052261
2.1490000000	8.0286959276E-10	-46.4688007144
2.1480000000	8.0497751645E-10	-49.3986513135
2.1470000000	8.0497751645E-10	-49.3986513135
2.1460000000	7.8310921750E-10	-48.0127331215
2.1450000000	8.2421376986E-10	-47.8624052261
2.1440000000	8.0497751645E-10	-49.3986513135
2.1430000000	7.8310921750E-10	-48.0127331215
2.1420000000	7.6394599924E-10	-49.6354062816
2.1410000000	7.8310921750E-10	-48.0127331215
2.1400000000	7.6394599924E-10	-49.6354062816
2.1390000000	7.6394599924E-10	-49.6354062816
2.1380000000	7.6394599924E-10	-49.6354062816
2.1370000000	7.6394599924E-10	-49.6354062816
2.1360000000	7.2292900675E-10	-49.8990318307
2.1350000000	6.8192864774E-10	-50.1945472423
2.1340000000	6.6367348685E-10	-52.1251374970
2.1330000000	6.6367348685E-10	-52.1251374970
2.1320000000	6.2285359376E-10	-52.5946992474
2.1310000000	6.4621448145E-10	-54.1623989575
2.1300000000	6.4621448145E-10	-54.1623989575
2.1290000000	6.2285359376E-10	-52.5946992474
2.1280000000	6.0561582613E-10	-54.7824615903
2.1270000000	6.0561582613E-10	-54.7824615903
2.1260000000	5.8931192428E-10	-57.0948098946
2.1250000000	5.7402146733E-10	-59.5345056886
2.1240000000	5.4913402173E-10	-57.9946720912
2.1230000000	5.4913402173E-10	-57.9946720912
2.1220000000	5.3427929056E-10	-60.6422990325
2.1210000000	5.3427929056E-10	-60.6422990325
2.1200000000	4.8175601549E-10	-64.9830562277
2.1190000000	4.5554876249E-10	-63.4348925755
2.1180000000	4.4329800180E-10	-66.8013585727
2.1170000000	4.4329800180E-10	-66.8013585727
2.1160000000	4.3266112308E-10	-70.3461314021
2.1150000000	4.2375967491E-10	-74.0545669545
2.1140000000	3.8829576844E-10	-77.0053975859
2.1130000000	3.8829576844E-10	-77.0053975859
2.1120000000	3.8280336834E-10	-81.2538229441
2.1110000000	3.5045857693E-10	-85.2363420169
2.1100000000	3.4924800000E-10	90.0000000000
2.1090000000	3.4924800000E-10	90.0000000000
2.1080000000	3.2146419610E-10	84.8055533421
2.1070000000	2.9680374746E-10	78.6900485966
2.1060000000	3.1345967309E-10	68.1985905136
2.1050000000	2.9964401962E-10	60.9453959009
2.1040000000	2.9104000000E-10	53.1301023542
2.1030000000	2.9104000000E-10	53.1301023542
2.1020000000	3.2927417215E-10	45.0000000000
2.1010000000	3.1480789296E-10	33.6900675260
2.1000000000	3.6467207476E-10	28.6104596660
2.0990000000	3.7835200000E-10	22.6198649480
2.0980000000	4.3266112308E-10	19.6538685979
2.0970000000	4.7999643465E-10	14.0362145172
2.0960000000	5.0241390431E-10	10.0079487522
2.0950000000	5.2709686305E-10	6.3401905455
2.0940000000	5.8498317010E-10	5.7106028833
2.0930000000	6.4094911778E-10	2.6025711325
2.0920000000	6.9849500000E-10	0.0000000000
2.0910000000	7.2759900000E-10	0.0000000000
2.0900000000	7.8795991278E-10	-4.2364074221
2.0890000000	8.4851911476E-10	-5.9061413454
2.0880000000	9.0643692840E-10	-5.5275460373
2.0870000000	9.7139566540E-10	-8.6156305122
2.0860000000	1.0048268586E-9	-10.0079698921
2.0850000000	1.0909167997E-9	-9.2110097267
2.0840000000	1.1531982924E-9	-10.1754757334
2.0830000000	1.2216709441E-9	-12.3807971512
2.0820000000	1.3132362385E-9	-12.8042273885
2.0810000000	1.3765260873E-9	-13.4486537737
2.0800000000	1.4682325611E-9	-13.7608408068
2.0790000000	1.5599871999E-9	-14.0362256521
2.0780000000	1.6311167195E-9	-15.5241335602
2.0770000000	1.7590456629E-9	-16.3360924699
2.0760000000	1.8231283712E-9	-16.6992743358
2.0750000000	1.9430091951E-9	-16.5348042882
2.0740000000	2.0435089632E-9	-17.4026873599
2.0730000000	2.1633160553E-9	-17.2160265539
2.0720000000	2.2364655001E-9	-18.1991567183
2.0710000000	2.3561676776E-9	-17.9872965045
2.0700000000	2.4849389726E-9	-18.4349561143
2.0690000000	2.6233984424E-9	-19.4399936378
2.0680000000	2.7154178057E-9	-19.4059449726
2.0670000000	2.8446114978E-9	-19.7327138168
2.0660000000	3.0012438418E-9	-19.8406851250
2.0650000000	3.1305376811E-9	-20.1196926940
2.0640000000	3.2872039188E-9	-20.1998961269
2.0630000000	3.4438725469E-9	-20.2726462457
2.0620000000	3.6107708678E-9	-20.7723365389
2.0610000000	3.7674736343E-9	-20.8150307215
2.0600000000	3.9075188967E-9	-21.4051510349
2.0590000000	4.0913682316E-9	-21.2715262410
2.0580000000	4.3128999109E-9	-21.3705093138
2.0570000000	4.4803229660E-9	-21.7322810676
2.0560000000	4.6100217745E-9	-21.8685007216
2.0550000000	4.7667522520E-9	-21.8663170859
2.0540000000	4.9775528178E-9	-21.6147405792
2.0530000000	5.1450795252E-9	-21.9218239489
2.0520000000	5.3507052975E-9	-22.3801350520
2.0510000000	5.5723341300E-9	-22.4126626170
2.0500000000	5.7939591960E-9	-22.4428308559
2.0490000000	6.0155911686E-9	-22.4706517642
2.0480000000	6.2103396325E-9	-22.5992557758
2.0470000000	6.4588496934E-9	-22.5205995798
2.0460000000	6.7185402884E-9	-22.6772125456
2.0450000000	6.9782734663E-9	-22.8220923308
2.0440000000	7.2380611689E-9	-22.9566154272
2.0430000000	7.4978728863E-9	-23.0817755554
2.0420000000	7.7844774797E-9	-23.1142484347
2.0410000000	8.0061277608E-9	-23.1165646595
2.0400000000	8.2660086907E-9	-23.2249848527
2.0390000000	8.5526229644E-9	-23.2497420975
2.0380000000	8.8392439666E-9	-23.2728086631
2.0370000000	9.1641094256E-9	-23.3896677116
2.0360000000	9.4890275408E-9	-23.4986114194
2.0350000000	9.8023517108E-9	-23.4443140502
2.0340000000	1.0100597374E-8	-23.6104966876
2.0330000000	1.0452231886E-8	-23.6385241946
2.0320000000	1.0803859578E-8	-23.6647485542
2.0310000000	1.1167212898E-8	-23.8260429012
2.0300000000	1.1545439887E-8	-23.7866147633
2.0290000000	1.1923763528E-8	-23.7494944929
2.0280000000	1.2248737175E-8	-23.8243361617
2.0270000000	1.2600433377E-8	-23.8415258778
2.0260000000	1.2952039196E-8	-23.8579609930
2.0250000000	1.3303737468E-8	-23.8733530682
2.0240000000	1.3693744579E-8	-23.9501434327
2.0230000000	1.4110450755E-8	-23.9744122114
2.0220000000	1.4553661533E-8	-23.9508928672
2.0210000000	1.4982215162E-8	-24.0754321380
2.0200000000	1.5451993285E-8	-24.0063650032
2.0190000000	1.5868704837E-8	-24.0264684357
2.0180000000	1.6285326920E-8	-24.0456864073
2.0170000000	1.6740489207E-8	-24.1141673002
2.0160000000	1.7207613661E-8	-24.2674159292
2.0150000000	1.7742341495E-8	-24.2106060548
2.0140000000	1.8262587018E-8	-24.2777412917
2.0130000000	1.8758926555E-8	-24.1790861068
2.0120000000	1.9214036287E-8	-24.2356857537
2.0110000000	1.9695786816E-8	-24.2547509626
2.0100000000	2.0203979273E-8	-24.2390982411
2.0090000000	2.0724221274E-8	-24.2974682495
2.0080000000	2.1324046369E-8	-24.2562539827
2.0070000000	2.1935743570E-8	-24.2867217434
2.0060000000	2.2535571159E-8	-24.2480092146
2.0050000000	2.3108875348E-8	-24.2409156648
2.0040000000	2.3694135204E-8	-24.2983103131
2.0030000000	2.4279338958E-8	-24.3530996964
2.0020000000	2.4891132873E-8	-24.3774121101
2.0010000000	2.5555943919E-8	-24.3466538104
2.0000000000	2.6259308543E-8	-24.3493683993
1.9990000000	2.6883032014E-8	-24.4285561461
1.9980000000	2.7470801996E-8	-24.3383842780
1.9970000000	2.8082634230E-8	-24.3604401378
1.9960000000	2.8771478815E-8	-24.4390928803
1.9950000000	2.9436224832E-8	-24.4112538466
1.9940000000	3.0139549055E-8	-24.4119382777
1.9930000000	3.0919937657E-8	-24.4662224220
1.9920000000	3.1688329316E-8	-24.4701267668
1.9910000000	3.2406109282E-8	-24.4013448600
1.9900000000	3.3095110202E-8	-24.4689569570
1.9890000000	3.3863460530E-8	-24.4723944672
1.9880000000	3.4684789341E-8	-24.4358477493
1.9870000000	3.5491715040E-8	-24.4633273500
1.9860000000	3.6325132609E-8	-24.4705585508
1.9850000000	3.7184995899E-8	-24.4587471061
1.9840000000	3.7979877011E-8	-24.4439797507
1.9830000000	3.8760278740E-8	-24.4866383098
1.9820000000	3.9632246296E-8	-24.5136245563
1.9810000000	4.0492103644E-8	-24.5018632696
1.9800000000	4.1364075841E-8	-24.5273987107
1.9790000000	4.2276891142E-8	-24.4831103047
1.9780000000	4.3187409065E-8	-24.5270818465
1.9770000000	4.4073742562E-8	-24.5003097005
1.9760000000	4.5037218138E-8	-24.5114226895
1.9750000000	4.6000653833E-8	-24.5219568396
1.9740000000	4.6978630023E-8	-24.4850962754
1.9730000000	4.7980610317E-8	-24.5129466922
1.9720000000	4.8982643017E-8	-24.5397641013
1.9710000000	4.9881053393E-8	-24.5462899358
1.9700000000	5.0767420928E-8	-24.5228150087
1.9690000000	5.1692304690E-8	-24.5160193668
1.9680000000	5.2537809544E-8	-24.5490575061
1.9670000000	5.3424134366E-8	-24.5266064876
1.9660000000	5.4426171867E-8	-24.5504902185
1.9650000000	5.5572743258E-8	-24.5383686905
1.9640000000	5.6562653980E-8	-24.5342348702
1.9630000000	5.7526134292E-8	-24.5423670346
1.9620000000	5.8566701325E-8	-24.5782752572
1.9610000000	5.9609675093E-8	-24.5504696591
1.9600000000	6.0638145750E-8	-24.5600019333
1.9590000000	6.1693126052E-8	-24.5580635890
1.9580000000	6.2878256716E-8	-24.5603094426
1.9570000000	6.3933195444E-8	-24.5583524291
1.9560000000	6.4908782088E-8	-24.5885649087
1.9550000000	6.5886769607E-8	-24.5611786500
1.9540000000	6.6929751060E-8	-24.5366805552
1.9530000000	6.7996779580E-8	-24.5575131734
1.9520000000	6.9090322931E-8	-24.5677402152
1.9510000000	7.0145393890E-8	-24.5658850908
1.9500000000	7.1253269243E-8	-24.5445902010
1.9490000000	7.2320383989E-8	-24.5642047932
1.9480000000	7.3336760840E-8	-24.5512165460
1.9470000000	7.4351001402E-8	-24.5887335339
1.9460000000	7.5471011363E-8	-24.5884510265
1.9450000000	7.6617441958E-8	-24.5790539874
1.9440000000	7.7633855995E-8	-24.5666573613
1.9430000000	7.8662420174E-8	-24.5737635343
1.9420000000	7.9613805915E-8	-24.5601155651
1.9410000000	8.0538685408E-8	-24.5553255567
1.9400000000	8.1502168455E-8	-24.5608161038
1.9390000000	8.2424792489E-8	-24.6013318605
1.9380000000	8.3520681675E-8	-24.5645776545
1.9370000000	8.4549196100E-8	-24.5713041617
1.9360000000	8.5486176732E-8	-24.5844079675
1.9350000000	8.6490491673E-8	-24.5556879950
1.9340000000	8.7531063304E-8	-24.5795556910
1.9330000000	8.8624701952E-8	-24.5872296450
1.9320000000	8.9602506310E-8	-24.5671596894
1.9310000000	9.0631021137E-8	-24.5734055103
1.9300000000	9.1659495421E-8	-24.5794543168
1.9290000000	9.2608633878E-8	-24.6078965127
1.9280000000	9.3509291836E-8	-24.5708763079
1.9270000000	9.4499332574E-8	-24.5680914083
1.9260000000	9.5501384035E-8	-24.5812674522
1.9250000000	9.6532127569E-8	-24.5483288517
1.9240000000	9.7534171421E-8	-24.5614333195
1.9230000000	9.8483253221E-8	-24.5882996724
1.9220000000	9.9487654776E-8	-24.5632684559
1.9210000000	1.0046547145E-7	-24.5456017998
1.9200000000	1.0144104728E-7	-24.5650563937
1.9190000000	1.0250808627E-7	-24.5785799420
1.9180000000	1.0356315678E-7	-24.5772129973
1.9170000000	1.0444946929E-7	-24.5654907658
1.9160000000	1.0537438965E-7	-24.5618319886
1.9150000000	1.0631136663E-7	-24.5724523907
1.9140000000	1.0720982149E-7	-24.5752633146
1.9130000000	1.0809388207E-7	-24.5984219929
1.9120000000	1.0907172095E-7	-24.5818819355
1.9110000000	1.1014124710E-7	-24.5604801776
1.9100000000	1.1120792018E-7	-24.5730753427
1.9090000000	1.1209220226E-7	-24.5954291818
1.9080000000	1.1297859876E-7	-24.5844278887
1.9070000000	1.1411324369E-7	-24.5648554867
1.9060000000	1.1514144359E-7	-24.5698091311
1.9050000000	1.1618396339E-7	-24.5557216373
1.9040000000	1.1721307122E-7	-24.5604647117
1.9030000000	1.1829188968E-7	-24.5851694006
1.9020000000	1.1919043659E-7	-24.5875819198
1.9010000000	1.1998779353E-7	-24.5508979941
1.9000000000	1.2101599097E-7	-24.5557297593
1.8990000000	1.2213419161E-7	-24.5862671378
1.8980000000	1.2317670303E-7	-24.5728400976
1.8970000000	1.2410158092E-7	-24.5696366765
1.8960000000	1.2510345049E-7	-24.5797207044
1.8950000000	1.2615893404E-7	-24.5784532918
1.8940000000	1.2720144925E-7	-24.5655151332
1.8930000000	1.2817690314E-7	-24.5807381441
1.8920000000	1.2920605665E-7	-24.5848820361
1.8910000000	1.3023647033E-7	-24.5605523409
1.8900000000	1.3107012552E-7	-24.5618439338
1.8890000000	1.3182465889E-7	-24.5788380405
1.8880000000	1.3273747765E-7	-24.5644177067
1.8870000000	1.3364808212E-7	-24.5780160403
1.8860000000	1.3454571901E-7	-24.5803781220
1.8850000000	1.3543212080E-7	-24.5712992605
1.8840000000	1.3629219227E-7	-24.5674444158
1.8830000000	1.3720279830E-7	-24.5806703492
1.8820000000	1.3793010857E-7	-24.6020308356
1.8810000000	1.3870106930E-7	-24.5752004211
1.8800000000	1.3966446388E-7	-24.5782844213
1.8790000000	1.4056296858E-7	-24.5803370618
1.8780000000	1.4127816648E-7	-24.5904609372
1.8770000000	1.4206123965E-7	-24.5750000288
1.8760000000	1.4282913765E-7	-24.5753279858
1.8750000000	1.4363654605E-7	-24.5813406295
1.8740000000	1.4433963704E-7	-24.5807403990
1.8730000000	1.4512055184E-7	-24.5913164978
1.8720000000	1.4590056232E-7	-24.6019428688
1.8710000000	1.4667156391E-7	-24.5766064656
1.8700000000	1.4736251312E-7	-24.5657164627
1.8690000000	1.4807555066E-7	-24.6005925781
1.8680000000	1.4885647459E-7	-24.6107990968
1.8670000000	1.4956166609E-7	-24.5851493697
1.8660000000	1.5015928033E-7	-24.6029694474
1.8650000000	1.5078536744E-7	-24.5913276608
1.8640000000	1.5130597999E-7	-24.5980537292
1.8630000000	1.5185209435E-7	-24.6003692728
1.8620000000	1.5233422698E-7	-24.6016080511
1.8610000000	1.5293394532E-7	-24.5946584267
1.8600000000	1.5358429963E-7	-24.6030387320
1.8590000000	1.5411916820E-7	-24.5952778243
1.8580000000	1.5460039128E-7	-24.5966685707
1.8570000000	1.5514528666E-7	-24.6227870318
1.8560000000	1.5569439675E-7	-24.6008552809
1.8550000000	1.5617562019E-7	-24.6022148140
1.8540000000	1.5664563982E-7	-24.5937362472
1.8530000000	1.5712568114E-7	-24.6186891221
1.8520000000	1.5759266978E-7	-24.6339923015
1.8510000000	1.5797267537E-7	-24.6056284218
1.8500000000	1.5825935003E-7	-24.6044486706
1.8490000000	1.5870091568E-7	-24.6239285407
1.8480000000	1.5910516728E-7	-24.6148432177
1.8470000000	1.5943032711E-7	-24.6188222194
1.8460000000	1.5971700101E-7	-24.6176295538
1.8450000000	1.6003003982E-7	-24.6121162468
1.8440000000	1.6036526602E-7	-24.6487822867
1.8430000000	1.6060343011E-7	-24.6098004553
1.8420000000	1.6083737429E-7	-24.6172364125
1.8410000000	1.6114739036E-7	-24.6350174423
1.8400000000	1.6140770304E-7	-24.6380995401
1.8390000000	1.6157890894E-7	-24.6216091730
1.8380000000	1.6178649611E-7	-24.6332632349
1.8370000000	1.6205599879E-7	-24.6688453720
1.8360000000	1.6232048619E-7	-24.6259740685
1.8350000000	1.6252807586E-7	-24.6375693805
1.8340000000	1.6281474866E-7	-24.6363663980
1.8330000000	1.6313991260E-7	-24.6402120236
1.8320000000	1.6360691677E-7	-24.6548912190
1.8310000000	1.6394725398E-7	-24.6450967120
1.8300000000	1.6449543123E-7	-24.6244091554
1.8290000000	1.6519728745E-7	-24.6460662098
1.8280000000	1.6584766145E-7	-24.6536252529
1.8270000000	1.6657706542E-7	-24.6486079747
1.8260000000	1.6765595734E-7	-24.6654715046
1.8250000000	1.6885328572E-7	-24.6744823255
1.8240000000	1.7019342914E-7	-24.6936525000
1.8230000000	1.7161375751E-7	-24.6788203500
1.8220000000	1.7324261724E-7	-24.6749260169
1.8210000000	1.7523424049E-7	-24.6794447907
1.8200000000	1.7744564660E-7	-24.7029523806
1.8190000000	1.7971178405E-7	-24.6974251575
1.8180000000	1.8222703910E-7	-24.6862683012
1.8170000000	1.8502395474E-7	-24.7146511748
1.8160000000	1.8771667655E-7	-24.7373248804
1.8150000000	1.9042642795E-7	-24.7280429291
1.8140000000	1.9370756448E-7	-24.7360092048
1.8130000000	1.9715891510E-7	-24.7302255987
1.8120000000	2.0071363550E-7	-24.7293443243
1.8110000000	2.0456612831E-7	-24.7528986397
1.8100000000	2.0848652394E-7	-24.7405547211
1.8090000000	2.1252433299E-7	-24.7400312222
1.8080000000	2.1666655083E-7	-24.7267764759
1.8070000000	2.2093541479E-7	-24.7487541584
1.8060000000	2.2542721064E-7	-24.7519320269
1.8050000000	2.2961906230E-7	-24.7654821889
1.8040000000	2.3330439990E-7	-24.7651287619
1.8030000000	2.3696340480E-7	-24.7677235949
1.8020000000	2.4113005827E-7	-24.7679380553
1.8010000000	2.4513048178E-7	-24.7486453861
1.8000000000	2.4891890113E-7	-24.7521995970
1.7990000000	2.5249911021E-7	-24.7631908634
1.7980000000	2.5600307893E-7	-24.7529125825
1.7970000000	2.5915623357E-7	-24.7431152976
1.7960000000	2.6229264803E-7	-24.7564053850
1.7950000000	2.6532375256E-7	-24.7798764328
1.7940000000	2.6821876245E-7	-24.7546112287
1.7930000000	2.7058846766E-7	-24.7540811483
1.7920000000	2.7251620222E-7	-24.7558894456
1.7910000000	2.7454795267E-7	-24.7474322851
1.7900000000	2.7661787427E-7	-24.7557553696
1.7890000000	2.7851836671E-7	-24.7600974270
1.7880000000	2.8010971023E-7	-24.7410679161
1.7870000000	2.8158151596E-7	-24.7399527598
1.7860000000	2.8294797191E-7	-24.7486791626
1.7850000000	2.8421023391E-7	-24.7541330470
1.7840000000	2.8523867011E-7	-24.7555415778
1.7830000000	2.8623873610E-7	-24.7723445036
1.7820000000	2.8736084604E-7	-24.7584714645
1.7810000000	2.8813923451E-7	-24.7764321635
1.7800000000	2.8870211458E-7	-24.7565667783
1.7790000000	2.8943445646E-7	-24.7405065230
1.7780000000	2.9012124979E-7	-24.7602024942
1.7770000000	2.9057627367E-7	-24.7631179301
1.7760000000	2.9095596785E-7	-24.7474957017
1.7750000000	2.9141189657E-7	-24.7503403117
1.7740000000	2.9194274674E-7	-24.7714670455
1.7730000000	2.9204807719E-7	-24.7619316160
1.7720000000	2.9224384576E-7	-24.7632276116
1.7710000000	2.9281431733E-7	-24.7744435836
1.7700000000	2.9318071728E-7	-24.7663640705
1.7690000000	2.9319286712E-7	-24.7715100062
1.7680000000	2.9328401309E-7	-24.7695326834
1.7670000000	2.9345415896E-7	-24.7604403365
1.7660000000	2.9355674878E-7	-24.7763538002
1.7650000000	2.9358307960E-7	-24.7739819686
1.7640000000	2.9351988084E-7	-24.7607571991
1.7630000000	2.9378967641E-7	-24.7803029300
1.7620000000	2.9377391976E-7	-24.8006268380
1.7610000000	2.9366004741E-7	-24.7795148417
1.7600000000	2.9369853234E-7	-24.7822801907
1.7590000000	2.9380183265E-7	-24.7854376230
1.7580000000	2.9378766395E-7	-24.7929433454
1.7570000000	2.9365603502E-7	-24.8048069942
1.7560000000	2.9355182148E-7	-24.8017366842
1.7550000000	2.9348900919E-7	-24.7886937189
1.7540000000	2.9335737575E-7	-24.8005675389
1.7530000000	2.9314944031E-7	-24.7941560692
1.7520000000	2.9300765045E-7	-24.7882243194
1.7510000000	2.9312153929E-7	-24.8093799201
1.7500000000	2.9301781268E-7	-24.8060461030
1.7490000000	2.9273131906E-7	-24.8069512463
1.7480000000	2.9256030340E-7	-24.8161753003
1.7470000000	2.9255012508E-7	-24.7983259974
1.7460000000	2.9237802836E-7	-24.8201700467
1.7450000000	2.9205262162E-7	-24.8181375112
1.7440000000	2.9184708685E-7	-24.7991634146
1.7430000000	2.9182076137E-7	-24.8015516277
1.7420000000	2.9143826396E-7	-24.8300230005
1.7410000000	2.9104803928E-7	-24.8276079576
1.7400000000	2.9095887466E-7	-24.8168550208
1.7390000000	2.9074895157E-7	-24.8231750410
1.7380000000	2.9039764332E-7	-24.8237154546
1.7370000000	2.8999327541E-7	-24.8288889391
1.7360000000	2.8967851110E-7	-24.8450548453
1.7350000000	2.8951142745E-7	-24.8287434161
1.7340000000	2.8907053353E-7	-24.8182903623
1.7330000000	2.8865111250E-7	-24.8312045175
1.7320000000	2.8854584094E-7	-24.8408774840
1.7310000000	2.8816821707E-7	-24.8438659537
1.7300000000	2.8772444955E-7	-24.8463780606
1.7290000000	2.8739945826E-7	-24.8445231975
1.7280000000	2.8713886383E-7	-24.8428719754
1.7270000000	2.8694247102E-7	-24.8546469613
1.7260000000	2.8655175399E-7	-24.8524930285
1.7250000000	2.8616152453E-7	-24.8500673877
1.7240000000	2.8605626905E-7	-24.8598314803
1.7230000000	2.8588722332E-7	-24.8563121880
1.7220000000	2.8548287042E-7	-24.8616135800
1.7210000000	2.8524708226E-7	-24.8707197007
1.7200000000	2.8518226465E-7	-24.8703344924
1.7190000000	2.8498648407E-7	-24.8690799621
1.7180000000	2.8471219323E-7	-24.8753688524
1.7170000000	2.8458255770E-7	-24.8745989302
1.7160000000	2.8468588397E-7	-24.8778239643
1.7150000000	2.8459475730E-7	-24.8798957039
1.7140000000	2.8430976255E-7	-24.8676567612
1.7130000000	2.8450746973E-7	-24.8558619152
1.7120000000	2.8468398206E-7	-24.8908692704
1.7110000000	2.8463137066E-7	-24.8957833001
1.7100000000	2.8451583397E-7	-24.8872666976
1.7090000000	2.8464547034E-7	-24.8880310310
1.7080000000	2.8487976500E-7	-24.8921101583
1.7070000000	2.8497088947E-7	-24.8900365849
1.7060000000	2.8494269801E-7	-24.9055243815
1.7050000000	2.8515215381E-7	-24.8988328016
1.7040000000	2.8537480843E-7	-24.8845032762
1.7030000000	2.8536070638E-7	-24.8922355573
1.7020000000	2.8530663669E-7	-24.9103373062
1.7010000000	2.8554239344E-7	-24.9012003719
1.7000000000	2.8568424287E-7	-24.9072310409
1.6990000000	2.8569645744E-7	-24.9125059950
1.6980000000	2.8561755496E-7	-24.9198575665
1.6970000000	2.8574719346E-7	-24.9206041672
1.6960000000	2.8582556192E-7	-24.9263465238
1.6950000000	2.8570867443E-7	-24.9177804981
1.6940000000	2.8585330414E-7	-24.9107227186
1.6930000000	2.8600594714E-7	-24.9351778980
1.6920000000	2.8597965063E-7	-24.9376274040
1.6910000000	2.8586408306E-7	-24.9291678840
1.6900000000	2.8579835669E-7	-24.9288812624
1.6890000000	2.8591483082E-7	-24.9372583512
1.6880000000	2.8588853475E-7	-24.9397088293
1.6870000000	2.8564057739E-7	-24.9435922668
1.6860000000	2.8556078814E-7	-24.9510385045
1.6850000000	2.8558940357E-7	-24.9353132343
1.6840000000	2.8539219956E-7	-24.9473004229
1.6830000000	2.8515647953E-7	-24.9564802798
1.6820000000	2.8513018756E-7	-24.9589390479
1.6810000000	2.8515647953E-7	-24.9564802798
1.6800000000	2.8490671935E-7	-24.9734239388
1.6790000000	2.8446388802E-7	-24.9760819079
1.6780000000	2.8424403434E-7	-24.9644817698
1.6770000000	2.8402237533E-7	-24.9659398608
1.6760000000	2.8368289469E-7	-24.9717966280
1.6750000000	2.8322781999E-7	-24.9691455091
1.6740000000	2.8304469358E-7	-24.9734559270
1.6730000000	2.8279674768E-7	-24.9774080057
1.6720000000	2.8230313938E-7	-24.9719072688
1.6710000000	2.8185760895E-7	-24.9878499915
1.6700000000	2.8152034732E-7	-24.9807700148
1.6690000000	2.8105123150E-7	-24.9859685576
1.6680000000	2.8047785385E-7	-24.9880403236
1.6670000000	2.8008801918E-7	-24.9859363567
1.6660000000	2.7986594048E-7	-24.9872475292
1.6650000000	2.7931884853E-7	-24.9868176978
1.6640000000	2.7874589347E-7	-24.9890903933
1.6630000000	2.7821105343E-7	-24.9940757546
1.6620000000	2.7775597367E-7	-24.9914089105
1.6610000000	2.7721978984E-7	-25.0100012094
1.6600000000	2.7666043801E-7	-25.0041695488
1.6590000000	2.7604676397E-7	-25.0168558609
1.6580000000	2.7560569923E-7	-25.0061931091
1.6570000000	2.7492896272E-7	-25.0050588473
1.6560000000	2.7422503825E-7	-25.0065683951
1.6550000000	2.7366483169E-7	-25.0141488210
1.6540000000	2.7322286314E-7	-25.0034773784
1.6530000000	2.7262362994E-7	-25.0084122192
1.6520000000	2.7203623918E-7	-25.0187129972
1.6510000000	2.7154086294E-7	-25.0267470038
1.6500000000	2.7100778166E-7	-25.0182345587
1.6490000000	2.7042082241E-7	-25.0288102028
1.6480000000	2.6974235187E-7	-25.0414798094
1.6470000000	2.6931436824E-7	-25.0224971709
1.6460000000	2.6889782618E-7	-25.0227761721
1.6450000000	2.6836169226E-7	-25.0420448370
1.6440000000	2.6785578239E-7	-25.0307463913
1.6430000000	2.6756888602E-7	-25.0317832165
1.6420000000	2.6712558552E-7	-25.0349955497
1.6410000000	2.6653821766E-7	-25.0455673902
1.6400000000	2.6596485090E-7	-25.0478806914
1.6390000000	2.6565210726E-7	-25.0517869903
1.6380000000	2.6531438379E-7	-25.0441601956
1.6370000000	2.6475592132E-7	-25.0380468788
1.6360000000	2.6422283218E-7	-25.0293386419
1.6350000000	2.6399945343E-7	-25.0450302363
1.6340000000	2.6382863549E-7	-25.0554130546
1.6330000000	2.6343836553E-7	-25.0530787877
1.6320000000	2.6299507065E-7	-25.0563774679
1.6310000000	2.6273444738E-7	-25.0547830106
1.6300000000	2.6260309858E-7	-25.0681806549
1.6290000000	2.6223861313E-7	-25.0634605934
1.6280000000	2.6192418770E-7	-25.0816212441
1.6270000000	2.6184834167E-7	-25.0611241466
1.6260000000	2.6169242471E-7	-25.0630683921
1.6250000000	2.6136480111E-7	-25.0756015827
1.6240000000	2.6114238661E-7	-25.0914114362
1.6230000000	2.6109110675E-7	-25.0823845827
1.6220000000	2.6097452739E-7	-25.0732754689
1.6210000000	2.6083090408E-7	-25.0810034272
1.6200000000	2.6076517416E-7	-25.0807275617
1.6190000000	2.6089572831E-7	-25.0813722480
1.6180000000	2.6081436711E-7	-25.1038077301
1.6170000000	2.6073890881E-7	-25.0834288620
1.6160000000	2.6072661595E-7	-25.0776570055
1.6150000000	2.6086779521E-7	-25.0983099691
1.6140000000	2.6081436711E-7	-25.1038077301
1.6130000000	2.6073724020E-7	-25.0976736947
1.6120000000	2.6074954224E-7	-25.1034443719
1.6110000000	2.6093139297E-7	-25.1131076176
1.6100000000	2.6103643233E-7	-25.1023017011
1.6090000000	2.6103315388E-7	-25.1307593115
1.6080000000	2.6118996559E-7	-25.1286765976
1.6070000000	2.6143859221E-7	-25.1101406212
1.6060000000	2.6145089996E-7	-25.1158952316
1.6050000000	2.6148826376E-7	-25.1333541808
1.6040000000	2.6172221830E-7	-25.1373763900
1.6030000000	2.6194548032E-7	-25.1214696473
1.6020000000	2.6204767773E-7	-25.1392477198
1.6010000000	2.6217823481E-7	-25.1398601115
1.6000000000	2.6244006315E-7	-25.1270230524
1.5990000000	2.6265959923E-7	-25.1397401811
1.5980000000	2.6264566910E-7	-25.1481548157
1.5970000000	2.6272442514E-7	-25.1400919418
1.5960000000	2.6306429987E-7	-25.1332617189
1.5950000000	2.6324484330E-7	-25.1427148401
1.5940000000	2.6334548917E-7	-25.1745011732
1.5930000000	2.6341280239E-7	-25.1606502295
1.5920000000	2.6364835844E-7	-25.1505308073
1.5910000000	2.6380399692E-7	-25.1627332296
1.5900000000	2.6364835844E-7	-25.1505308073
1.5890000000	2.6367460937E-7	-25.1478526313
1.5880000000	2.6398614691E-7	-25.1580696386
1.5870000000	2.6422010935E-7	-25.1620319378
1.5860000000	2.6424635780E-7	-25.1593584141
1.5850000000	2.6420619421E-7	-25.1703980466
1.5840000000	2.6430846089E-7	-25.1880051303
1.5830000000	2.6434860883E-7	-25.1769670937
1.5820000000	2.6430846089E-7	-25.1880051303
1.5810000000	2.6433315031E-7	-25.1993815956
1.5800000000	2.6459491743E-7	-25.1865901904
1.5790000000	2.6447916772E-7	-25.1775555378
1.5780000000	2.6420504942E-7	-25.1846527146
1.5770000000	2.6422973578E-7	-25.1960339455
1.5760000000	2.6425597690E-7	-25.1933571423
1.5750000000	2.6417725525E-7	-25.2013891474
1.5740000000	2.6399421677E-7	-25.2061716799
1.5730000000	2.6402045572E-7	-25.2034914812
1.5720000000	2.6426678485E-7	-25.2131018040
1.5710000000	2.6403127979E-7	-25.2232533398
1.5700000000	2.6386212605E-7	-25.2196731907
1.5690000000	2.6395409481E-7	-25.2172289765
1.5680000000	2.6391550341E-7	-25.2142154735
1.5670000000	2.6368109849E-7	-25.2100983055
1.5660000000	2.6345704453E-7	-25.2260680277
1.5650000000	2.6337985819E-7	-25.2200313546
1.5640000000	2.6337834405E-7	-25.2341341725
1.5630000000	2.6324628372E-7	-25.2476812991
1.5620000000	2.6314285620E-7	-25.2443388049
1.5610000000	2.6315522541E-7	-25.2500498542
1.5600000000	2.6311662607E-7	-25.2470320159
1.5590000000	2.6294746550E-7	-25.2434547104
1.5580000000	2.6297220573E-7	-25.2548848415
1.5570000000	2.6291975060E-7	-25.2602774009
1.5560000000	2.6309039652E-7	-25.2497257638
1.5550000000	2.6275106398E-7	-25.2564156859
1.5540000000	2.6250321758E-7	-25.2609405065
1.5530000000	2.6255419848E-7	-25.2696865487
1.5520000000	2.6239741061E-7	-25.2718426970
1.5510000000	2.6222914727E-7	-25.2681783193
1.5500000000	2.6225537283E-7	-25.2654738796
1.5490000000	2.6228013323E-7	-25.2769320936
1.5480000000	2.6225391014E-7	-25.2796374237
1.5470000000	2.6208474025E-7	-25.2760693882
1.5460000000	2.6204613463E-7	-25.2730430546
1.5450000000	2.6230490412E-7	-25.2883881440
1.5440000000	2.6238212351E-7	-25.2944294352
1.5430000000	2.6221241951E-7	-25.3049452638
1.5420000000	2.6221241951E-7	-25.3049452638
1.5410000000	2.6231629070E-7	-25.3084731740
1.5400000000	2.6231729349E-7	-25.2941153577
1.5390000000	2.6221241951E-7	-25.3049452638
1.5380000000	2.6235490488E-7	-25.3114911770
1.5370000000	2.6248315587E-7	-25.3262619343
1.5360000000	2.6252408482E-7	-25.3150327143
1.5350000000	2.6256270058E-7	-25.3180473641
1.5340000000	2.6283485436E-7	-25.3251894882
1.5330000000	2.6309508146E-7	-25.3263186103
1.5320000000	2.6306747824E-7	-25.3431405697
1.5310000000	2.6310472934E-7	-25.3602630471
1.5300000000	2.6348630204E-7	-25.3281581481
1.5290000000	2.6374562555E-7	-25.3293744913
1.5280000000	2.6399200358E-7	-25.3530512942
1.5270000000	2.6427844013E-7	-25.3514557693
1.5260000000	2.6470876153E-7	-25.3422945765
1.5250000000	2.6512438851E-7	-25.3552319694
1.5240000000	2.6531795133E-7	-25.3703145786
1.5230000000	2.6569678574E-7	-25.3523404677
1.5220000000	2.6644942614E-7	-25.3865464180
1.5210000000	2.6685218704E-7	-25.3939918261
1.5200000000	2.6706405075E-7	-25.3586459655
1.5190000000	2.6750499435E-7	-25.3688743187
1.5180000000	2.6807694272E-7	-25.3797442251
1.5170000000	2.6872749961E-7	-25.3826141183
1.5160000000	2.6926216327E-7	-25.3766815324
1.5150000000	2.6993758405E-7	-25.3906688954
1.5140000000	2.7079641083E-7	-25.3999778418
1.5130000000	2.7144829550E-7	-25.3890859837
1.5120000000	2.7199316186E-7	-25.4024664692
1.5110000000	2.7279918118E-7	-25.4167058384
1.5100000000	2.7372504060E-7	-25.3987749605
1.5090000000	2.7447950013E-7	-25.4048756694
1.5080000000	2.7511631308E-7	-25.4156660420
1.5070000000	2.7598718110E-7	-25.4299724207
1.5060000000	2.7709510544E-7	-25.4211004216
1.5050000000	2.7797924264E-7	-25.4275974071
1.5040000000	2.7875910391E-7	-25.4440189837
1.5030000000	2.7973517626E-7	-25.4480226839
1.5020000000	2.8071208756E-7	-25.4385811124
1.5010000000	2.8154476442E-7	-25.4499235355
1.5000000000	2.8236491644E-7	-25.4426343995
1.4990000000	2.8338010892E-7	-25.4490977282
1.4980000000	2.8444720216E-7	-25.4507619531
1.4970000000	2.8542202752E-7	-25.4676775784
1.4960000000	2.8626800945E-7	-25.4708314172
1.4950000000	2.8738623392E-7	-25.4803509655
1.4940000000	2.8846671190E-7	-25.4869907122
1.4930000000	2.8932639853E-7	-25.4823994948
1.4920000000	2.9035564457E-7	-25.4682317679
1.4910000000	2.9153960387E-7	-25.4777851056
1.4900000000	2.9255312716E-7	-25.4968824770
1.4890000000	2.9333337963E-7	-25.4997240815
1.4880000000	2.9423336524E-7	-25.4853886836
1.4870000000	2.9531341572E-7	-25.4916809212
1.4860000000	2.9628711099E-7	-25.5203792716
1.4850000000	2.9701740625E-7	-25.5029303279
1.4840000000	2.9792747200E-7	-25.5187340580
1.4830000000	2.9900589967E-7	-25.5375073930
1.4820000000	2.9982807623E-7	-25.5179310770
1.4810000000	3.0059674332E-7	-25.5155788891
1.4800000000	3.0133715603E-7	-25.5280232262
1.4790000000	3.0215535423E-7	-25.5457592627
1.4780000000	3.0321042579E-7	-25.5417841043
1.4770000000	3.0392585370E-7	-25.5441930846
1.4760000000	3.0486214020E-7	-25.5571639593
1.4750000000	3.0591559874E-7	-25.5655776891
1.4740000000	3.0660690682E-7	-25.5580521297
1.4730000000	3.0725750232E-7	-25.5601845961
1.4720000000	3.0798432652E-7	-25.5794478478
1.4710000000	3.0885692655E-7	-25.5799094192
1.4700000000	3.0953437409E-7	-25.5674941463
1.4690000000	3.1004165804E-7	-25.5763177037
1.4680000000	3.1069225714E-7	-25.5783883468
1.4670000000	3.1160353603E-7	-25.5813563514
1.4660000000	3.1209521417E-7	-25.6091824301
1.4650000000	3.1265483211E-7	-25.6132704965
1.4640000000	3.1351555466E-7	-25.5968381190
1.4630000000	3.1420484138E-7	-25.6013276272
1.4620000000	3.1458050310E-7	-25.6214597028
1.4610000000	3.1502315768E-7	-25.6181487955
1.4600000000	3.1553220185E-7	-25.6030268003
1.4590000000	3.1609073988E-7	-25.6188338920
1.4580000000	3.1651872548E-7	-25.6342822953
1.4570000000	3.1700006726E-7	-25.6334321568
1.4560000000	3.1781933646E-7	-25.6499446783
1.4550000000	3.1840511168E-7	-25.6516283579
1.4540000000	3.1864130988E-7	-25.6312341128
1.4530000000	3.1921154208E-7	-25.6516079946
1.4520000000	3.2006954017E-7	-25.6703902623
1.4510000000	3.2065590288E-7	-25.6602782617
1.4500000000	3.2086431031E-7	-25.6655781594
1.4490000000	3.2118940159E-7	-25.6664088475
1.4480000000	3.2204652539E-7	-25.6851134408
1.4470000000	3.2267200856E-7	-25.6776066110
1.4460000000	3.2309910032E-7	-25.7041604089
1.4450000000	3.2368488412E-7	-25.7057185098
1.4440000000	3.2480571520E-7	-25.6902220664
1.4430000000	3.2643150416E-7	-25.7060411501
1.4420000000	3.2796635254E-7	-25.7237354763
1.4410000000	3.2848730030E-7	-25.7250698139
1.4400000000	3.2886464832E-7	-25.7214362259
1.4390000000	3.2905865155E-7	-25.7333815904
1.4380000000	3.2931890895E-7	-25.7339610810
1.4370000000	3.3003344343E-7	-25.7470193590
1.4360000000	3.3089161404E-7	-25.7649399170
1.4350000000	3.3128246344E-7	-25.7545902906
1.4340000000	3.3201328300E-7	-25.7383905405
1.4330000000	3.3270122603E-7	-25.7648247384
1.4320000000	3.3331223551E-7	-25.7752101468
1.4310000000	3.3419611495E-7	-25.7795229391
1.4300000000	3.3469095666E-7	-25.7829048230
1.4290000000	3.3506696520E-7	-25.8016023352
1.4280000000	3.3606924875E-7	-25.8017443213
1.4270000000	3.3647181427E-7	-25.8069987421
1.4260000000	3.3664071476E-7	-25.8207003889
1.4250000000	3.3765603879E-7	-25.8140593148
1.4240000000	3.3799420598E-7	-25.8192839245
1.4230000000	3.3786368690E-7	-25.8299934758
1.4220000000	3.3801826388E-7	-25.8502679311
1.4210000000	3.3913767835E-7	-25.8570098962
1.4200000000	3.3990535921E-7	-25.8542364874
1.4190000000	3.4042552596E-7	-25.8662374742
1.4180000000	3.4159623893E-7	-25.8687075716
1.4170000000	3.4257199256E-7	-25.8706162734
1.4160000000	3.4315779941E-7	-25.8718018055
1.4150000000	3.4358705593E-7	-25.8856451570
1.4140000000	3.4426303260E-7	-25.8956137266
1.4130000000	3.4544807605E-7	-25.8914566778
1.4120000000	3.4613747993E-7	-25.8949452658
1.4110000000	3.4621394215E-7	-25.9209986299
1.4100000000	3.4721550217E-7	-25.9314912892
1.4090000000	3.4865989756E-7	-25.9277219175
1.4080000000	3.4920623372E-7	-25.9372312311
1.4070000000	3.4971381437E-7	-25.9445173441
1.4060000000	3.5113212659E-7	-25.9427912066
1.4050000000	3.5245882110E-7	-25.9535671411
1.4040000000	3.5291426782E-7	-25.9648846685
1.4030000000	3.5353885563E-7	-25.9680469544
1.4020000000	3.5467082227E-7	-25.9679294305
1.4010000000	3.5584179081E-7	-25.9803361616
1.4000000000	3.5646573150E-7	-25.9938677488
1.3990000000	3.5754492957E-7	-26.0081338190
1.3980000000	3.5888504028E-7	-26.0122840870
1.3970000000	3.5944480099E-7	-26.0152123289
1.3960000000	3.5953723492E-7	-26.0028812283
1.3950000000	3.5979641498E-7	-26.0137555251
1.3940000000	3.6095351429E-7	-26.0422865887
1.3930000000	3.6155266490E-7	-26.0369869169
1.3920000000	3.6146027701E-7	-26.0492579804
1.3910000000	3.6174646244E-7	-26.0579537936
1.3900000000	3.6218783328E-7	-26.0750562836
1.3890000000	3.6225413544E-7	-26.0648185120
1.3880000000	3.6244746050E-7	-26.0959804322
1.3870000000	3.6282355302E-7	-26.1231627591
1.3860000000	3.6342272786E-7	-26.1073924233
1.3850000000	3.6390491244E-7	-26.1059568198
1.3840000000	3.6347373605E-7	-26.1341754450
1.3830000000	3.6262762854E-7	-26.1332407399
1.3820000000	3.6273217942E-7	-26.1353431834
1.3810000000	3.6369378838E-7	-26.1529658869
1.3800000000	3.6383670198E-7	-26.1673541001
1.3790000000	3.6304310946E-7	-26.1522272974
1.3780000000	3.6365406095E-7	-26.1713116601
1.3770000000	3.6494219861E-7	-26.1891315261
1.3760000000	3.6507278511E-7	-26.1891958057
1.3750000000	3.6499382111E-7	-26.1952924350
1.3740000000	3.6487693427E-7	-26.1992471116
1.3730000000	3.6477117143E-7	-26.2277314138
1.3720000000	3.6422584280E-7	-26.2087942080
1.3710000000	3.6427747877E-7	-26.2149644454
1.3700000000	3.6462791646E-7	-26.2439024621
1.3690000000	3.6440684128E-7	-26.2356212147
1.3680000000	3.6419777675E-7	-26.2414828094
1.3670000000	3.6423634860E-7	-26.2640992532
1.3660000000	3.6421068677E-7	-26.2559169410
1.3650000000	3.6384593887E-7	-26.2637059015
1.3640000000	3.6365017151E-7	-26.2738312366
1.3630000000	3.6376682328E-7	-26.2904076037
1.3620000000	3.6379251642E-7	-26.2985974644
1.3610000000	3.6350594700E-7	-26.3107232421
1.3600000000	3.6312828967E-7	-26.3350854729
1.3590000000	3.6436482534E-7	-26.3358659058
1.3580000000	3.6579589744E-7	-26.3367625326
1.3570000000	3.6505412082E-7	-26.3485119525
1.3560000000	3.6493617098E-7	-26.3627656182
1.3550000000	3.6503989264E-7	-26.3853553552
1.3540000000	3.6431102339E-7	-26.3807757791
1.3530000000	3.6364723857E-7	-26.3865696684
1.3520000000	3.6343879530E-7	-26.4132584778
1.3510000000	3.6354251437E-7	-26.4153457894
1.3500000000	3.6336087939E-7	-26.4193610079
1.3490000000	3.6294329532E-7	-26.4417145429
1.3480000000	3.6277472435E-7	-26.4396089032
1.3470000000	3.6303544828E-7	-26.4397695745
1.3460000000	3.6269580173E-7	-26.4560424446
1.3450000000	3.6190171491E-7	-26.4827081453
1.3440000000	3.6175864628E-7	-26.4784257611
1.3430000000	3.6186282624E-7	-26.4806458083
1.3420000000	3.6169407370E-7	-26.4990964368
1.3410000000	3.6113404694E-7	-26.5175128332
1.3400000000	3.6100346025E-7	-26.5175666154
1.3390000000	3.6057447747E-7	-26.5464327089
1.3380000000	3.6071712053E-7	-26.5608601266
1.3370000000	3.6073014146E-7	-26.5340811412
1.3360000000	3.6060040273E-7	-26.5546767462
1.3350000000	3.6084727377E-7	-26.5815963050
1.3340000000	3.6069078012E-7	-26.5940354740
1.3330000000	3.6063886578E-7	-26.5775560065
1.3320000000	3.6093807683E-7	-26.5898271302
1.3310000000	3.6092566794E-7	-26.6167346037
1.3300000000	3.6063953050E-7	-26.6292093728
1.3290000000	3.6084796134E-7	-26.6332198296
1.3280000000	3.6113399363E-7	-26.6621145916
1.3270000000	3.6101720721E-7	-26.6559710961
1.3260000000	3.6053513241E-7	-26.6581537163
1.3250000000	3.6004104940E-7	-26.6664658286
1.3240000000	3.6024946301E-7	-26.7016150825
1.3230000000	3.6037960393E-7	-26.7017079691
1.3220000000	3.5993737272E-7	-26.7059336349
1.3210000000	3.5991181349E-7	-26.7286545085
1.3200000000	3.6031612764E-7	-26.7534319912
1.3190000000	3.6026367524E-7	-26.7471293351
1.3180000000	3.6014703908E-7	-26.7721611123
1.3170000000	3.6061491437E-7	-26.7759425544
1.3160000000	3.6096703855E-7	-26.7633852602
1.3150000000	3.6081079425E-7	-26.7758990802
1.3140000000	3.6065509610E-7	-26.8090272072
1.3130000000	3.6081169202E-7	-26.8275987442
1.3120000000	3.6092890158E-7	-26.8130307524
1.3110000000	3.6055185955E-7	-26.8276458149
1.3100000000	3.6043544466E-7	-26.8526836006
1.3090000000	3.6073502315E-7	-26.8647332931
1.3080000000	3.6055236329E-7	-26.8587732545
1.3070000000	3.5987731593E-7	-26.8925041452
1.3060000000	3.5938255921E-7	-26.9012257193
1.3050000000	3.5974628193E-7	-26.8925521903
1.3040000000	3.5970891153E-7	-26.9216501451
1.3030000000	3.5899421587E-7	-26.9430594511
1.3020000000	3.5852451080E-7	-26.9290461417
1.3010000000	3.5823880601E-7	-26.9418537835
1.3000000000	3.5752371295E-7	-26.9529997190
