2.3000000000	9.0550397342E-10	-45.0000000000
2.2990000000	9.0550397342E-10	-45.0000000000
2.2980000000	8.8516360341E-10	-46.3322198539
2.2970000000	8.8516360341E-10	-46.3322198539
2.2960000000	8.8516360341E-10	-46.3322198539
2.2950000000	9.0550397342E-10	-45.0000000000
2.2940000000	8.8516360341E-10	-46.3322198539
2.2930000000	9.0550397342E-10	-45.0000000000
2.2920000000	8.8516360341E-10	-46.3322198539
2.2910000000	9.0550397342E-10	-45.0000000000
2.2900000000	9.0550397342E-10	-45.0000000000
2.2890000000	9.0550397342E-10	-45.0000000000
2.2880000000	9.0550397342E-10	-45.0000000000
2.2870000000	9.0550397342E-10	-45.0000000000
2.2860000000	8.8516360341E-10	-46.3322198539
2.2850000000	9.0550397342E-10	-45.0000000000
2.2840000000	9.0550397342E-10	-45.0000000000
2.2830000000	8.8516360341E-10	-46.3322198539
2.2820000000	9.2631224358E-10	-46.2730300201
2.2810000000	9.2631224358E-10	-46.2730300201
2.2800000000	9.2631224358E-10	-46.2730300201
2.2790000000	9.0550397342E-10	-45.0000000000
2.2780000000	9.2631224358E-10	-46.2730300201
2.2770000000	9.2631224358E-10	-46.2730300201
2.2760000000	9.0550397342E-10	-45.0000000000
2.2750000000	9.0550397342E-10	-45.0000000000
2.2740000000	9.0550397342E-10	-45.0000000000
2.2730000000	9.0550397342E-10	-45.0000000000
2.2720000000	9.2631224358E-10	-46.2730300201
2.2710000000	9.2631224358E-10	-46.2730300201
2.2700000000	9.2631224358E-10	-46.2730300201
2.2690000000	9.0550397342E-10	-45.0000000000
2.2680000000	9.2631224358E-10	-46.2730300201
2.2670000000	9.0550397342E-10	-45.0000000000
2.2660000000	9.0550397342E-10	-45.0000000000
2.2650000000	9.0550397342E-10	-45.0000000000
2.2640000000	9.0550397342E-10	-45.0000000000
2.2630000000	9.2631224358E-10	-46.2730300201
2.2620000000	9.0550397342E-10	-45.0000000000
2.2610000000	9.2631224358E-10	-46.2730300201
2.2600000000	9.0550397342E-10	-45.0000000000
2.2590000000	9.0550397342E-10	-45.0000000000
2.2580000000	9.2631224358E-10	-46.2730300201
2.2570000000	9.0550397342E-10	-45.0000000000
2.2560000000	9.0550397342E-10	-45.0000000000
2.2550000000	9.0550397342E-10	-45.0000000000
2.2540000000	9.2631224358E-10	-46.2730300201
2.2530000000	9.0550397342E-10	-45.0000000000
2.2520000000	9.2631224358E-10	-46.2730300201
2.2510000000	9.0550397342E-10	-45.0000000000
2.2500000000	9.0550397342E-10	-45.0000000000
2.2490000000	9.0550397342E-10	-45.0000000000
2.2480000000	8.8516360341E-10	-46.3322198539
2.2470000000	9.0550397342E-10	-45.0000000000
2.2460000000	9.0550397342E-10	-45.0000000000
2.2450000000	9.0550397342E-10	-45.0000000000
2.2440000000	9.0550397342E-10	-45.0000000000
2.2430000000	9.2631224358E-10	-46.2730300201
2.2420000000	8.8516360341E-10	-46.3322198539
2.2410000000	9.0550397342E-10	-45.0000000000
2.2400000000	9.0550397342E-10	-45.0000000000
2.2390000000	9.0550397342E-10	-45.0000000000
2.2380000000	9.0550397342E-10	-45.0000000000
2.2370000000	8.8516360341E-10	-46.3322198539
2.2360000000	8.8516360341E-10	-46.3322198539
2.2350000000	9.0550397342E-10	-45.0000000000
2.2340000000	9.0550397342E-10	-45.0000000000
2.2330000000	8.8516360341E-10	-46.3322198539
2.2320000000	8.6434470191E-10	-45.0000000000
2.2310000000	8.8516360341E-10	-46.3322198539
2.2300000000	8.8516360341E-10	-46.3322198539
2.2290000000	8.8516360341E-10	-46.3322198539
2.2280000000	8.8516360341E-10	-46.3322198539
2.2270000000	8.8516360341E-10	-46.3322198539
2.2260000000	8.8516360341E-10	-46.3322198539
2.2250000000	8.8516360341E-10	-46.3322198539
2.2240000000	8.8516360341E-10	-46.3322198539
2.2230000000	8.8516360341E-10	-46.3322198539
2.2220000000	8.8516360341E-10	-46.3322198539
2.2210000000	8.8516360341E-10	-46.3322198539
2.2200000000	8.8516360341E-10	-46.3322198539
2.2190000000	8.8516360341E-10	-46.3322198539
2.2180000000	8.8516360341E-10	-46.3322198539
2.2170000000	8.8516360341E-10	-46.3322198539
2.2160000000	8.6434470191E-10	-45.0000000000
2.2150000000	8.8516360341E-10	-46.3322198539
2.2140000000	8.8516360341E-10	-46.3322198539
2.2130000000	8.8516360341E-10	-46.3322198539
2.2120000000	8.6434470191E-10	-45.0000000000
2.2110000000	8.8516360341E-10	-46.3322198539
2.2100000000	8.8516360341E-10	-46.3322198539
2.2090000000	8.8516360341E-10	-46.3322198539
2.2080000000	8.8516360341E-10	-46.3322198539
2.2070000000	8.8516360341E-10	-46.3322198539
2.2060000000	8.8516360341E-10	-46.3322198539
2.2050000000	8.8516360341E-10	-46.3322198539
2.2040000000	8.8516360341E-10	-46.3322198539
2.2030000000	8.8516360341E-10	-46.3322198539
2.2020000000	8.8516360341E-10	-46.3322198539
2.2010000000	8.8516360341E-10	-46.3322198539
2.2000000000	8.8516360341E-10	-46.3322198539
2.1990000000	8.8516360341E-10	-46.3322198539
2.1980000000	8.8516360341E-10	-46.3322198539
2.1970000000	8.8516360341E-10	-46.3322198539
2.1960000000	8.8516360341E-10	-46.3322198539
2.1950000000	8.6434470191E-10	-45.0000000000
2.1940000000	8.6434470191E-10	-45.0000000000
2.1930000000	8.8516360341E-10	-46.3322198539
2.1920000000	8.8516360341E-10	-46.3322198539
2.1910000000	8.8516360341E-10	-46.3322198539
2.1900000000	8.8516360341E-10	-46.3322198539
2.1890000000	8.6434470191E-10	-45.0000000000
2.1880000000	8.6434470191E-10	-45.0000000000
2.1870000000	8.8516360341E-10	-46.3322198539
2.1860000000	8.6434470191E-10	-45.0000000000
2.1850000000	8.6434470191E-10	-45.0000000000
2.1840000000	8.6434470191E-10	-45.0000000000
2.1830000000	8.8516360341E-10	-46.3322198539
2.1820000000	8.4401600000E-10	-46.3971810273
2.1810000000	8.8516360341E-10	-46.3322198539
2.1800000000	8.6532412964E-10	-47.7263109939
2.1790000000	8.6434470191E-10	-45.0000000000
2.1780000000	8.6532412964E-10	-47.7263109939
2.1770000000	8.6434470191E-10	-45.0000000000
2.1760000000	8.4401600000E-10	-46.3971810273
2.1750000000	8.8516360341E-10	-46.3322198539
2.1740000000	8.6532412964E-10	-47.7263109939
2.1730000000	8.6532412964E-10	-47.7263109939
2.1720000000	8.6532412964E-10	-47.7263109939
2.1710000000	8.2421376986E-10	-47.8624052261
2.1700000000	8.6532412964E-10	-47.7263109939
2.1690000000	8.6532412964E-10	-47.7263109939
2.1680000000	8.6532412964E-10	-47.7263109939
2.1670000000	8.6532412964E-10	-47.7263109939
2.1660000000	8.4401600000E-10	-46.3971810273
2.1650000000	8.4401600000E-10	-46.3971810273
2.1640000000	8.2421376986E-10	-47.8624052261
2.1630000000	8.4401600000E-10	-46.3971810273
2.1620000000	8.6532412964E-10	-47.7263109939
2.1610000000	8.4602079142E-10	-49.1849161251
2.1600000000	8.2421376986E-10	-47.8624052261
2.1590000000	8.2421376986E-10	-47.8624052261
2.1580000000	8.2421376986E-10	-47.8624052261
2.1570000000	8.2421376986E-10	-47.8624052261
2.1560000000	8.2421376986E-10	-47.8624052261
2.1550000000	8.2421376986E-10	-47.8624052261
2.1540000000	8.2421376986E-10	-47.8624052261
2.1530000000	8.2421376986E-10	-47.8624052261
2.1520000000	8.2421376986E-10	-47.8624052261
2.1510000000	8.2421376986E-10	-47.8624052261
2.1500000000	8.2421376986E-10	-47.8624052261
2.1490000000	8.2421376986E-10	-47.8624052261
2.1480000000	8.2421376986E-10	-47.8624052261
2.1470000000	8.0497751645E-10	-49.3986513135
2.1460000000	7.8310921750E-10	-48.0127331215
2.1450000000	8.0497751645E-10	-49.3986513135
2.1440000000	8.0497751645E-10	-49.3986513135
2.1430000000	8.2421376986E-10	-47.8624052261
2.1420000000	8.0497751645E-10	-49.3986513135
2.1410000000	8.0497751645E-10	-49.3986513135
2.1400000000	7.8310921750E-10	-48.0127331215
2.1390000000	7.6394599924E-10	-49.6354062816
2.1380000000	7.6394599924E-10	-49.6354062816
2.1370000000	7.6394599924E-10	-49.6354062816
2.1360000000	7.6394599924E-10	-49.6354062816
2.1350000000	7.6394599924E-10	-49.6354062816
2.1340000000	7.6394599924E-10	-49.6354062816
2.1330000000	7.6394599924E-10	-49.6354062816
2.1320000000	7.4542673592E-10	-51.3401317259
2.1310000000	7.2292900675E-10	-49.8990318307
2.1300000000	7.0453262313E-10	-51.7099006380
2.1290000000	7.2759940000E-10	-53.1301653512
2.1280000000	6.8687847077E-10	-53.6157153377
2.1270000000	6.6367348685E-10	-52.1251374970
2.1260000000	7.0453262313E-10	-51.7099006380
2.1250000000	6.6367348685E-10	-52.1251374970
2.1240000000	6.6367348685E-10	-52.1251374970
2.1230000000	6.4621448145E-10	-54.1623989575
2.1220000000	6.4621448145E-10	-54.1623989575
2.1210000000	6.2285359376E-10	-52.5946992474
2.1200000000	6.2961661798E-10	-56.3099829523
2.1190000000	6.0561582613E-10	-54.7824615903
2.1180000000	6.1395040587E-10	-58.5704830485
2.1170000000	5.8931192428E-10	-57.0948098946
2.1160000000	5.8931192428E-10	-57.0948098946
2.1150000000	5.7402146733E-10	-59.5345056886
2.1140000000	5.7402146733E-10	-59.5345056886
2.1130000000	5.3427929056E-10	-60.6422990325
2.1120000000	5.3427929056E-10	-60.6422990325
2.1110000000	5.0828042477E-10	-66.3706674515
2.1100000000	5.0828042477E-10	-66.3706674515
2.1090000000	4.8175601549E-10	-64.9830562277
2.1080000000	4.4329800180E-10	-66.8013585727
2.1070000000	4.3266112308E-10	-70.3461314021
2.1060000000	4.3266112308E-10	-70.3461314021
2.1050000000	4.3266112308E-10	-70.3461314021
2.1040000000	4.1670486547E-10	-77.9052275578
2.1030000000	3.8829576844E-10	-77.0053975859
2.1020000000	3.8280336834E-10	-81.2538229441
2.1010000000	3.7835200000E-10	90.0000000000
2.1000000000	3.5045857693E-10	85.2363420169
2.0990000000	3.5045857693E-10	85.2363420169
2.0980000000	2.9249159003E-10	84.2893873709
2.0970000000	2.9680374746E-10	78.6900485966
2.0960000000	3.1345967309E-10	68.1985905136
2.0950000000	2.9964401962E-10	60.9453959009
2.0940000000	3.1480789296E-10	56.3099324740
2.0930000000	3.2927417215E-10	45.0000000000
2.0920000000	3.3183665572E-10	37.8749836511
2.0910000000	3.5525959464E-10	34.9920201986
2.0900000000	3.6467207476E-10	28.6104596660
2.0890000000	4.1670586423E-10	24.7751405688
2.0880000000	4.3266112308E-10	19.6538685979
2.0870000000	4.7999643465E-10	14.0362145172
2.0860000000	5.0828048203E-10	13.2404940968
2.0850000000	5.2709686305E-10	6.3401905455
2.0840000000	5.8498317010E-10	5.7106028833
2.0830000000	6.1187656475E-10	2.7263203473
2.0820000000	6.7002440127E-10	2.4895614652
2.0810000000	7.2759900000E-10	0.0000000000
2.0800000000	7.8634578265E-10	-2.1211063748
2.0790000000	8.4601980067E-10	-3.9451976449
2.0780000000	9.0643692840E-10	-5.5275460373
2.0770000000	9.6746377369E-10	-6.9112128663
2.0760000000	1.0578072286E-9	-7.9071179949
2.0750000000	1.0909167997E-9	-9.2110097267
2.0740000000	1.1818517689E-9	-9.9262455067
2.0730000000	1.2785881389E-9	-11.8215067012
2.0720000000	1.3416281094E-9	-12.5288077092
2.0710000000	1.4332038379E-9	-12.9074265313
2.0700000000	1.5035814830E-9	-14.5742161980
2.0690000000	1.5673000367E-9	-15.0684338518
2.0680000000	1.6872750199E-9	-14.9950814721
2.0670000000	1.8149794767E-9	-15.8192243202
2.0660000000	1.8872695012E-9	-17.0378389578
2.0650000000	1.9988806902E-9	-16.0599397290
2.0640000000	2.1077845325E-9	-17.6843589967
2.0630000000	2.2275476017E-9	-17.4880128351
2.0620000000	2.3561676776E-9	-17.9872965045
2.0610000000	2.4758894334E-9	-17.7959951806
2.0600000000	2.5863323429E-9	-19.0465744394
2.0590000000	2.7154178057E-9	-19.4059449726
2.0580000000	2.8720194911E-9	-19.5367058831
2.0570000000	3.0012438418E-9	-19.8406851250
2.0560000000	3.1305376811E-9	-20.1196926940
2.0550000000	3.2225307103E-9	-20.0715290761
2.0540000000	3.3893284079E-9	-20.6136013178
2.0530000000	3.5732690164E-9	-20.5014519285
2.0520000000	3.7027278403E-9	-20.7142076837
2.0510000000	3.8594313162E-9	-20.7583836056
2.0500000000	4.0265713177E-9	-21.1861558704
2.0490000000	4.2209917084E-9	-21.4345292544
2.0480000000	4.3671497783E-9	-21.0922660615
2.0470000000	4.5615418886E-9	-21.3262144121
2.0460000000	4.7667522520E-9	-21.8663170859
2.0450000000	4.9775528178E-9	-21.6147405792
2.0440000000	5.1450795252E-9	-21.9218239489
2.0430000000	5.3666680614E-9	-21.9745635738
2.0420000000	5.5613041032E-9	-22.1355032006
2.0410000000	5.7939591960E-9	-22.4428308559
2.0400000000	6.0155911686E-9	-22.4706517642
2.0390000000	6.2372244588E-9	-22.4964955041
2.0380000000	6.4588496934E-9	-22.5205995798
2.0370000000	6.7185402884E-9	-22.6772125456
2.0360000000	7.0051136504E-9	-22.7297422744
2.0350000000	7.2648653282E-9	-22.8671014808
2.0340000000	7.5246519705E-9	-22.9949065676
2.0330000000	7.8112497985E-9	-23.0304554300
2.0320000000	8.0978833061E-9	-23.0633120299
2.0310000000	8.3844864224E-9	-23.0940922206
2.0300000000	8.6825699060E-9	-23.2994145973
2.0290000000	9.0226685124E-9	-23.1742512328
2.0280000000	9.2825393918E-9	-23.2693129403
2.0270000000	9.6074160161E-9	-23.3809292809
2.0260000000	9.8940389177E-9	-23.3978124641
2.0250000000	1.0165590172E-8	-23.6293777307
2.0240000000	1.0478896699E-8	-23.5747262475
2.0230000000	1.0830518849E-8	-23.6029573210
2.0220000000	1.1193839056E-8	-23.7658734256
2.0210000000	1.1545439887E-8	-23.7866147633
2.0200000000	1.1950404942E-8	-23.6933048411
2.0190000000	1.2340355686E-8	-23.7842066262
2.0180000000	1.2703825457E-8	-23.9225068129
2.0170000000	1.3082038615E-8	-23.8849209642
2.0160000000	1.3498737993E-8	-23.9123029095
2.0150000000	1.3941950793E-8	-23.8896885189
2.0140000000	1.4397060638E-8	-23.9742475829
2.0130000000	1.4813677805E-8	-23.9968433986
2.0120000000	1.5256973533E-8	-23.9735695926
2.0110000000	1.5620442146E-8	-24.0817892291
2.0100000000	1.6102170070E-8	-24.1096810803
2.0090000000	1.6557353946E-8	-24.1771602036
2.0080000000	1.7092199582E-8	-24.1208758099
2.0070000000	1.7638857060E-8	-24.1544464570
2.0060000000	1.8147149493E-8	-24.1396993799
2.0050000000	1.8667364512E-8	-24.2073268860
2.0040000000	1.9175561288E-8	-24.1920915232
2.0030000000	1.9695786816E-8	-24.2547509626
2.0020000000	2.0295531924E-8	-24.2128265453
2.0010000000	2.0880786115E-8	-24.2787665014
2.0000000000	2.1454084632E-8	-24.2702795631
1.9990000000	2.2039357147E-8	-24.3312038102
1.9980000000	2.2586047388E-8	-24.3523304530
1.9970000000	2.3120838286E-8	-24.3066700409
1.9960000000	2.3732636137E-8	-24.3334321377
1.9950000000	2.4317853656E-8	-24.3872895519
1.9940000000	2.4982662475E-8	-24.3555625904
1.9930000000	2.5659520406E-8	-24.3848932744
1.9920000000	2.6362844396E-8	-24.3863790196
1.9910000000	2.7013172180E-8	-24.4387588619
1.9900000000	2.7677918499E-8	-24.4091593087
1.9890000000	2.8419771138E-8	-24.4391161369
1.9880000000	2.9161631152E-8	-24.4675487935
1.9870000000	2.9879456100E-8	-24.3931870424
1.9860000000	3.0686328528E-8	-24.4259216079
1.9850000000	3.1466765275E-8	-24.4790814038
1.9840000000	3.2196576145E-8	-24.4567826540
1.9830000000	3.2926482718E-8	-24.4354004246
1.9820000000	3.3733408500E-8	-24.4643230612
1.9810000000	3.4566784737E-8	-24.4717472205
1.9800000000	3.5400202963E-8	-24.4789691299
1.9790000000	3.6260106581E-8	-24.4668007737
1.9780000000	3.7132026608E-8	-24.4959294839
1.9770000000	3.8003997299E-8	-24.5238587564
1.9760000000	3.8863853218E-8	-24.5113782858
1.9750000000	3.9788779740E-8	-24.5029464734
1.9740000000	4.0740148384E-8	-24.4778016124
1.9730000000	4.1650663769E-8	-24.5235115817
1.9720000000	4.2575547536E-8	-24.5152456483
1.9710000000	4.3447523733E-8	-24.5392880055
1.9700000000	4.4386813958E-8	-24.4812597334
1.9690000000	4.5297421219E-8	-24.5231678054
1.9680000000	4.6104238044E-8	-24.5427322103
1.9670000000	4.7029252193E-8	-24.5349312901
1.9660000000	4.8084191778E-8	-24.5328860084
1.9650000000	4.9139172941E-8	-24.5310346191
1.9640000000	5.0141212561E-8	-24.5568709091
1.9630000000	5.1039624557E-8	-24.5629474929
1.9620000000	5.2068230010E-8	-24.5738565574
1.9610000000	5.3111074320E-8	-24.5426822301
1.9600000000	5.4074555841E-8	-24.5511829586
1.9590000000	5.5168056557E-8	-24.5640219173
1.9580000000	5.6353187471E-8	-24.5664025096
1.9570000000	5.7316672142E-8	-24.5740236610
1.9560000000	5.8306580175E-8	-24.5694081437
1.9550000000	5.9349467395E-8	-24.5416766023
1.9540000000	6.0363662057E-8	-24.5879608945
1.9530000000	6.1380073995E-8	-24.5721340812
1.9520000000	6.2461478555E-8	-24.5588311144
1.9510000000	6.3620052454E-8	-24.5719663695
1.9500000000	6.4740153419E-8	-24.5718903071
1.9490000000	6.5756710193E-8	-24.5572135927
1.9480000000	6.6823879975E-8	-24.5781263520
1.9470000000	6.7982416918E-8	-24.5900132520
1.9460000000	6.9063858404E-8	-24.5777775098
1.9450000000	7.0145393890E-8	-24.5658850908
1.9440000000	7.1200332400E-8	-24.5640452105
1.9430000000	7.2240994104E-8	-24.5929884815
1.9420000000	7.3192332116E-8	-24.5778220453
1.9410000000	7.4117251119E-8	-24.5724663845
1.9400000000	7.5145725359E-8	-24.5798573095
1.9390000000	7.6277935278E-8	-24.5995544459
1.9380000000	7.7318576821E-8	-24.6260516735
1.9370000000	7.8414311694E-8	-24.5865225781
1.9360000000	7.9495844798E-8	-24.5759099920
1.9350000000	8.0577248035E-8	-24.5655471878
1.9340000000	8.1579298963E-8	-24.5810030679
1.9330000000	8.2697081569E-8	-24.6259056757
1.9320000000	8.3819368305E-8	-24.5806103239
1.9310000000	8.4939378308E-8	-24.5804664208
1.9300000000	8.5941393095E-8	-24.5949032322
1.9290000000	8.6866400897E-8	-24.5901242821
1.9280000000	8.7921338351E-8	-24.5883434751
1.9270000000	8.8976317495E-8	-24.5866634520
1.9260000000	8.9951918237E-8	-24.6081575502
1.9250000000	9.1021203768E-8	-24.5819465606
1.9240000000	9.2129203150E-8	-24.5653145091
1.9230000000	9.3169780364E-8	-24.5876301974
1.9220000000	9.4198298597E-8	-24.5934159799
1.9210000000	9.5149635875E-8	-24.5817451678
1.9200000000	9.6269736810E-8	-24.5815802402
1.9190000000	9.7377645203E-8	-24.5658732643
1.9180000000	9.8432583703E-8	-24.5645425300
1.9170000000	9.9434724656E-8	-24.5772091783
1.9160000000	1.0043673783E-7	-24.5895949198
1.9150000000	1.0150607724E-7	-24.5663382124
1.9140000000	1.0237802542E-7	-24.5760553192
1.9130000000	1.0335361914E-7	-24.5948624454
1.9120000000	1.0448803417E-7	-24.5733695522
1.9110000000	1.0560804419E-7	-24.5733306035
1.9100000000	1.0663655999E-7	-24.5785794435
1.9090000000	1.0770360447E-7	-24.5913166535
1.9080000000	1.0870800295E-7	-24.5683806491
1.9070000000	1.0982797139E-7	-24.5683466274
1.9060000000	1.1085424402E-7	-24.6070532484
1.9050000000	1.1200314328E-7	-24.5671713206
1.9040000000	1.1320042587E-7	-24.5816518475
1.9030000000	1.1424078085E-7	-24.5998109335
1.9020000000	1.1519202470E-7	-24.5901386305
1.9010000000	1.1622027047E-7	-24.5948674403
1.9000000000	1.1736701371E-7	-24.5886537929
1.8990000000	1.1848734579E-7	-24.5883501474
1.8980000000	1.1958044046E-7	-24.5940767382
1.8970000000	1.2076562171E-7	-24.5948297728
1.8960000000	1.2189810945E-7	-24.6069575326
1.8950000000	1.2296698032E-7	-24.5877057411
1.8940000000	1.2408731241E-7	-24.5874243585
1.8930000000	1.2532312875E-7	-24.6069334488
1.8920000000	1.2652260681E-7	-24.5901234476
1.8910000000	1.2752444247E-7	-24.5998142300
1.8900000000	1.2844935863E-7	-24.5965655738
1.8890000000	1.2943908279E-7	-24.5943509427
1.8880000000	1.3042975805E-7	-24.5920270546
1.8870000000	1.3135463357E-7	-24.5888654212
1.8860000000	1.3247500726E-7	-24.5886313753
1.8850000000	1.3363598112E-7	-24.5666699785
1.8840000000	1.3451934757E-7	-24.5855161592
1.8830000000	1.3542996353E-7	-24.5987937144
1.8820000000	1.3644700749E-7	-24.5914710433
1.8810000000	1.3754010272E-7	-24.5964250662
1.8800000000	1.3850345838E-7	-24.5993496706
1.8790000000	1.3944263643E-7	-24.5805282562
1.8780000000	1.4037961930E-7	-24.5884464388
1.8770000000	1.4127816648E-7	-24.5904609372
1.8760000000	1.4217667222E-7	-24.5924133291
1.8750000000	1.4302463420E-7	-24.5780129245
1.8740000000	1.4397596817E-7	-24.5704907247
1.8730000000	1.4491083881E-7	-24.6039577758
1.8720000000	1.4571812966E-7	-24.6096186448
1.8710000000	1.4652455444E-7	-24.6154155591
1.8700000000	1.4742306219E-7	-24.6171463784
1.8690000000	1.4825889565E-7	-24.5928891278
1.8680000000	1.4897405723E-7	-24.6023947794
1.8670000000	1.4974290639E-7	-24.6024426051
1.8660000000	1.5062625770E-7	-24.6190291284
1.8650000000	1.5135662116E-7	-24.6135507524
1.8640000000	1.5193211130E-7	-24.5865543576
1.8630000000	1.5259453458E-7	-24.6049251498
1.8620000000	1.5336035381E-7	-24.6293950789
1.8610000000	1.5405218602E-7	-24.6185862127
1.8600000000	1.5463978196E-7	-24.6018455901
1.8590000000	1.5526286467E-7	-24.6147140467
1.8580000000	1.5592833772E-7	-24.6085387623
1.8570000000	1.5652805379E-7	-24.6017221571
1.8560000000	1.5716416811E-7	-24.6239293358
1.8550000000	1.5778813138E-7	-24.6363203308
1.8540000000	1.5844269360E-7	-24.5972358923
1.8530000000	1.5904245492E-7	-24.5906024323
1.8520000000	1.5945669144E-7	-24.6144813598
1.8510000000	1.5988518853E-7	-24.6244253583
1.8500000000	1.6039368541E-7	-24.6212131575
1.8490000000	1.6077161503E-7	-24.6165669807
1.8480000000	1.6122528263E-7	-24.6450779474
1.8470000000	1.6178861174E-7	-24.6102473671
1.8460000000	1.6217862073E-7	-24.6149817370
1.8450000000	1.6244900013E-7	-24.6503612103
1.8440000000	1.6290596005E-7	-24.6329141624
1.8430000000	1.6334960496E-7	-24.6289349120
1.8420000000	1.6391998721E-7	-24.6494693567
1.8410000000	1.6424815540E-7	-24.6304461848
1.8400000000	1.6449543123E-7	-24.6244091554
1.8390000000	1.6485999121E-7	-24.6330876917
1.8380000000	1.6504031800E-7	-24.6488385306
1.8370000000	1.6518515453E-7	-24.6368921567
1.8360000000	1.6552454977E-7	-24.6273408238
1.8350000000	1.6593886988E-7	-24.6502266282
1.8340000000	1.6613433328E-7	-24.6524186025
1.8330000000	1.6622554192E-7	-24.6490265011
1.8320000000	1.6652644040E-7	-24.6345693104
1.8310000000	1.6692858893E-7	-24.6481912110
1.8300000000	1.6732160884E-7	-24.6302938427
1.8290000000	1.6765894490E-7	-24.6431184887
1.8280000000	1.6802053504E-7	-24.6738976976
1.8270000000	1.6830927604E-7	-24.6505474255
1.8260000000	1.6842684333E-7	-24.6430860340
1.8250000000	1.6902446179E-7	-24.6586815138
1.8240000000	1.7002431016E-7	-24.6874779403
1.8230000000	1.7101406694E-7	-24.6853060038
1.8220000000	1.7193892945E-7	-24.6823888867
1.8210000000	1.7308565183E-7	-24.6775956475
1.8200000000	1.7454535745E-7	-24.6676817967
1.8190000000	1.7583393302E-7	-24.6731347884
1.8180000000	1.7731593962E-7	-24.7015319376
1.8170000000	1.7920420805E-7	-24.7003737309
1.8160000000	1.8114517196E-7	-24.6915740188
1.8150000000	1.8312555163E-7	-24.6873140360
1.8140000000	1.8541402919E-7	-24.7186007073
1.8130000000	1.8791214936E-7	-24.7391722185
1.8120000000	1.9077799128E-7	-24.7275591795
1.8110000000	1.9387778127E-7	-24.7223032560
1.8100000000	1.9691076329E-7	-24.7355158360
1.8090000000	2.0030943468E-7	-24.7367734983
1.8080000000	2.0409814388E-7	-24.7415070678
1.8070000000	2.0783222502E-7	-24.7706792953
1.8060000000	2.1209285050E-7	-24.7504351613
1.8050000000	2.1663822699E-7	-24.7471741729
1.8040000000	2.2081502433E-7	-24.7714707713
1.8030000000	2.2481145837E-7	-24.7834550878
1.8020000000	2.2883611868E-7	-24.7756791756
1.8010000000	2.3343411167E-7	-24.7661731779
1.8000000000	2.3810919624E-7	-24.7639291526
1.7990000000	2.4222583957E-7	-24.7543742021
1.7980000000	2.4644336920E-7	-24.7643586354
1.7970000000	2.5042353096E-7	-24.7988225910
1.7960000000	2.5455647410E-7	-24.7659756186
1.7950000000	2.5853056332E-7	-24.7504056438
1.7940000000	2.6238379669E-7	-24.7542004454
1.7930000000	2.6565117774E-7	-24.7681811026
1.7920000000	2.6871023064E-7	-24.7746193387
1.7910000000	2.7143418857E-7	-24.7596311009
1.7900000000	2.7448313934E-7	-24.7470029491
1.7890000000	2.7733510988E-7	-24.7470325770
1.7880000000	2.7975797988E-7	-24.7413397699
1.7870000000	2.8192914503E-7	-24.7660280013
1.7860000000	2.8406347464E-7	-24.7742248890
1.7850000000	2.8610910767E-7	-24.7715320105
1.7840000000	2.8800112633E-7	-24.7444192200
1.7830000000	2.8950935670E-7	-24.7589545516
1.7820000000	2.9092597133E-7	-24.7755944866
1.7810000000	2.9229447634E-7	-24.7711702710
1.7800000000	2.9328605204E-7	-24.7568707232
1.7790000000	2.9440654498E-7	-24.7561790790
1.7780000000	2.9546295282E-7	-24.7424321292
1.7770000000	2.9642452012E-7	-24.7559571653
1.7760000000	2.9707489228E-7	-24.7599190425
1.7750000000	2.9760778633E-7	-24.7681485151
1.7740000000	2.9841706867E-7	-24.7579894446
1.7730000000	2.9906948898E-7	-24.7495034561
1.7720000000	2.9939080689E-7	-24.7763702572
1.7710000000	2.9979275675E-7	-24.7836434087
1.7700000000	3.0029122851E-7	-24.7643197759
1.7690000000	3.0060405903E-7	-24.7611627256
1.7680000000	3.0081268980E-7	-24.7549998284
1.7670000000	3.0102060273E-7	-24.7612751244
1.7660000000	3.0136987909E-7	-24.7731488083
1.7650000000	3.0154855389E-7	-24.7941041646
1.7640000000	3.0160616281E-7	-24.7647782601
1.7630000000	3.0176416973E-7	-24.7509391453
1.7620000000	3.0200449421E-7	-24.7967786373
1.7610000000	3.0199233272E-7	-24.7917838684
1.7600000000	3.0190119069E-7	-24.7937108731
1.7590000000	3.0198017354E-7	-24.7867886972
1.7580000000	3.0189062859E-7	-24.7762407752
1.7570000000	3.0158995823E-7	-24.7844021311
1.7560000000	3.0145541742E-7	-24.8083537090
1.7550000000	3.0154855389E-7	-24.7941041646
1.7540000000	3.0156564894E-7	-24.7743974610
1.7530000000	3.0136827758E-7	-24.7856438418
1.7520000000	3.0123373952E-7	-24.8096136004
1.7510000000	3.0132778216E-7	-24.7952734410
1.7500000000	3.0124590920E-7	-24.8146202270
1.7490000000	3.0091033037E-7	-24.7952880726
1.7480000000	3.0063891023E-7	-24.7887440924
1.7470000000	3.0058534752E-7	-24.7934593400
1.7460000000	3.0041324075E-7	-24.8147163338
1.7450000000	3.0008783500E-7	-24.8127323080
1.7440000000	2.9992079749E-7	-24.7969689953
1.7430000000	2.9992079749E-7	-24.7969689953
1.7420000000	2.9975996366E-7	-24.8233864535
1.7410000000	2.9939409257E-7	-24.8311041509
1.7400000000	2.9910956914E-7	-24.8195981448
1.7390000000	2.9886247928E-7	-24.8231296416
1.7380000000	2.9848549837E-7	-24.8134569710
1.7370000000	2.9806895431E-7	-24.8134165390
1.7360000000	2.9783312792E-7	-24.8220996865
1.7350000000	2.9772784849E-7	-24.8314711165
1.7340000000	2.9730110153E-7	-24.8138922797
1.7330000000	2.9684515703E-7	-24.8112017169
1.7320000000	2.9675050195E-7	-24.8383722255
1.7310000000	2.9650209057E-7	-24.8418532892
1.7300000000	2.9601829944E-7	-24.8542776447
1.7290000000	2.9552669977E-7	-24.8362508657
1.7280000000	2.9534506335E-7	-24.8275491632
1.7270000000	2.9518911146E-7	-24.8291493980
1.7260000000	2.9477012276E-7	-24.8419873319
1.7250000000	2.9435163595E-7	-24.8546033759
1.7240000000	2.9432726227E-7	-24.8443584680
1.7230000000	2.9405644720E-7	-24.8249890545
1.7220000000	2.9364963640E-7	-24.8430055415
1.7210000000	2.9349174705E-7	-24.8572768282
1.7200000000	2.9347955781E-7	-24.8521396893
1.7190000000	2.9327201308E-7	-24.8459447432
1.7180000000	2.9295878720E-7	-24.8490938666
1.7170000000	2.9284328493E-7	-24.8408010286
1.7160000000	2.9300947843E-7	-24.8570022989
1.7150000000	2.9294124417E-7	-24.8821566393
1.7140000000	2.9275957188E-7	-24.8734065727
1.7130000000	2.9277652390E-7	-24.8531036694
1.7120000000	2.9286765537E-7	-24.8510981441
1.7110000000	2.9278397227E-7	-24.8837039162
1.7100000000	2.9268064435E-7	-24.8805701904
1.7090000000	2.9281028027E-7	-24.8813161756
1.7080000000	2.9303237043E-7	-24.8801432062
1.7070000000	2.9311220548E-7	-24.8729060817
1.7060000000	2.9303237043E-7	-24.8801432062
1.7050000000	2.9329065154E-7	-24.8942134247
1.7040000000	2.9348643484E-7	-24.8954156920
1.7030000000	2.9344701489E-7	-24.8927453718
1.7020000000	2.9347762663E-7	-24.8647939428
1.7010000000	2.9358976690E-7	-24.8985355920
1.7000000000	2.9361419035E-7	-24.9088017301
1.6990000000	2.9361607174E-7	-24.8961530754
1.6980000000	2.9361796745E-7	-24.8835045835
1.6970000000	2.9387625276E-7	-24.8975438104
1.6960000000	2.9387625276E-7	-24.8975438104
1.6950000000	2.9367900923E-7	-24.9091673883
1.6940000000	2.9379312614E-7	-24.9302277067
1.6930000000	2.9391476681E-7	-24.9002916646
1.6920000000	2.9391476681E-7	-24.9002916646
1.6910000000	2.9374053150E-7	-24.9349963963
1.6900000000	2.9375460473E-7	-24.9274826399
1.6890000000	2.9374238326E-7	-24.9223530148
1.6880000000	2.9366348701E-7	-24.9295058102
1.6870000000	2.9338880767E-7	-24.9354881098
1.6860000000	2.9349215088E-7	-24.9385949381
1.6850000000	2.9351844718E-7	-24.9362080397
1.6840000000	2.9329769140E-7	-24.9375162903
1.6830000000	2.9302528001E-7	-24.9310164840
1.6820000000	2.9291735567E-7	-24.9533423692
1.6810000000	2.9276142226E-7	-24.9550228789
1.6800000000	2.9242559586E-7	-24.9352909914
1.6790000000	2.9207387204E-7	-24.9357852734
1.6780000000	2.9204343789E-7	-24.9638784667
1.6770000000	2.9186443773E-7	-24.9423446761
1.6760000000	2.9134364320E-7	-24.9394432114
1.6750000000	2.9100457088E-7	-24.9453002415
1.6740000000	2.9080968901E-7	-24.9440382075
1.6730000000	2.9049237447E-7	-24.9731516388
1.6720000000	2.8998695022E-7	-24.9627743892
1.6710000000	2.8944125836E-7	-24.9493024321
1.6700000000	2.8919330424E-7	-24.9531463874
1.6690000000	2.8878760806E-7	-24.9715629929
1.6680000000	2.8822647286E-7	-24.9787763266
1.6670000000	2.8775824624E-7	-24.9710279472
1.6660000000	2.8746043176E-7	-24.9667900953
1.6650000000	2.8689929355E-7	-24.9740274623
1.6640000000	2.8633995949E-7	-24.9683226647
1.6630000000	2.8606393087E-7	-24.9876599523
1.6620000000	2.8563423250E-7	-24.9826838778
1.6610000000	2.8501278456E-7	-24.9634936894
1.6600000000	2.8437050689E-7	-24.9915148073
1.6590000000	2.8398024915E-7	-24.9892615779
1.6580000000	2.8356549678E-7	-24.9763798392
1.6570000000	2.8283528135E-7	-24.9802526236
1.6560000000	2.8218304495E-7	-24.9897602432
1.6550000000	2.8178053858E-7	-24.9821423162
1.6540000000	2.8123166253E-7	-24.9949116098
1.6530000000	2.8056896094E-7	-24.9859030637
1.6520000000	2.7990447656E-7	-24.9901205776
1.6510000000	2.7936829060E-7	-25.0085674185
1.6500000000	2.7880717908E-7	-25.0160989242
1.6490000000	2.7824782424E-7	-25.0103127909
1.6480000000	2.7783483039E-7	-24.9838290052
1.6470000000	2.7746772461E-7	-25.0059405712
1.6460000000	2.7686631815E-7	-25.0240320828
1.6450000000	2.7624039383E-7	-25.0313032800
1.6440000000	2.7581375476E-7	-25.0128524925
1.6430000000	2.7548740877E-7	-25.0110132869
1.6420000000	2.7497976402E-7	-25.0134570342
1.6410000000	2.7437879230E-7	-25.0319182739
1.6400000000	2.7405162002E-7	-25.0435561229
1.6390000000	2.7380716311E-7	-25.0205721879
1.6380000000	2.7328634891E-7	-25.0176280891
1.6370000000	2.7272178929E-7	-25.0525831749
1.6360000000	2.7238448860E-7	-25.0453458902
1.6350000000	2.7205904363E-7	-25.0434333305
1.6340000000	2.7164292539E-7	-25.0439327098
1.6330000000	2.7122547788E-7	-25.0443316609
1.6320000000	2.7099245946E-7	-25.0402806927
1.6310000000	2.7088775896E-7	-25.0368524887
1.6300000000	2.7054702354E-7	-25.0570025092
1.6290000000	2.7014619676E-7	-25.0354081640
1.6280000000	2.6984745252E-7	-25.0310546145
1.6270000000	2.6971176111E-7	-25.0717184953
1.6260000000	2.6944017853E-7	-25.0646953291
1.6250000000	2.6925836492E-7	-25.0553047575
1.6240000000	2.6920582388E-7	-25.0605324771
1.6230000000	2.6914100027E-7	-25.0601700248
1.6220000000	2.6890537099E-7	-25.0700035831
1.6210000000	2.6880108577E-7	-25.0667534163
1.6200000000	2.6881002644E-7	-25.0999863376
1.6190000000	2.6869601575E-7	-25.0772331704
1.6180000000	2.6860619076E-7	-25.0654751812
1.6170000000	2.6864348411E-7	-25.0824761214
1.6160000000	2.6874520168E-7	-25.0996328682
1.6150000000	2.6868204348E-7	-25.0854555104
1.6140000000	2.6859095472E-7	-25.0877211232
1.6130000000	2.6866974965E-7	-25.0798543896
1.6120000000	2.6887485122E-7	-25.1003396365
1.6110000000	2.6888971910E-7	-25.0920320560
1.6100000000	2.6887485122E-7	-25.1003396365
1.6090000000	2.6905835421E-7	-25.0959087101
1.6080000000	2.6916431388E-7	-25.0853455252
1.6070000000	2.6923977476E-7	-25.1050861336
1.6060000000	2.6930295571E-7	-25.1192295246
1.6050000000	2.6964401186E-7	-25.0991003349
1.6040000000	2.6977366137E-7	-25.0998050044
1.6030000000	2.6972113942E-7	-25.1050314034
1.6020000000	2.6969323780E-7	-25.1214173044
1.6010000000	2.7005726413E-7	-25.1262110219
1.6000000000	2.7029284800E-7	-25.1163703756
1.5990000000	2.7038229724E-7	-25.1278462523
1.5980000000	2.7054074589E-7	-25.1121082943
1.5970000000	2.7082599747E-7	-25.1247121125
1.5960000000	2.7103117405E-7	-25.1450004297
1.5950000000	2.7098028039E-7	-25.1365045504
1.5940000000	2.7120191691E-7	-25.1348369405
1.5930000000	2.7157988431E-7	-25.1314482290
1.5920000000	2.7168328136E-7	-25.1347298935
1.5910000000	2.7173417377E-7	-25.1432041256
1.5900000000	2.7189140826E-7	-25.1413869718
1.5890000000	2.7215001546E-7	-25.1563020871
1.5880000000	2.7220251536E-7	-25.1511124327
1.5870000000	2.7211304410E-7	-25.1397209689
1.5860000000	2.7220092298E-7	-25.1647577546
1.5850000000	2.7235567021E-7	-25.1766583586
1.5840000000	2.7238349734E-7	-25.1604269694
1.5830000000	2.7221484183E-7	-25.1566376401
1.5820000000	2.7250172698E-7	-25.1554870448
1.5810000000	2.7269461976E-7	-25.1701131574
1.5800000000	2.7252481150E-7	-25.1801536263
1.5790000000	2.7239582808E-7	-25.1659480842
1.5780000000	2.7239582808E-7	-25.1659480842
1.5770000000	2.7242207568E-7	-25.1633544189
1.5760000000	2.7224914290E-7	-25.2006867944
1.5750000000	2.7205375535E-7	-25.1998009418
1.5740000000	2.7212013528E-7	-25.1864765945
1.5730000000	2.7208112582E-7	-25.1833586076
1.5720000000	2.7185949606E-7	-25.1850603815
1.5710000000	2.7181935518E-7	-25.1957946112
1.5700000000	2.7187183809E-7	-25.1905910198
1.5690000000	2.7183059259E-7	-25.2151804959
1.5680000000	2.7158383587E-7	-25.2056488312
1.5670000000	2.7144338496E-7	-25.1857772381
1.5660000000	2.7149276960E-7	-25.2079305497
1.5650000000	2.7143877200E-7	-25.2268287535
1.5640000000	2.7114106177E-7	-25.2088166518
1.5630000000	2.7118007782E-7	-25.2119417849
1.5620000000	2.7129585245E-7	-25.2207386117
1.5610000000	2.7114106177E-7	-25.2088166518
1.5600000000	2.7094414557E-7	-25.2216419838
1.5590000000	2.7081190483E-7	-25.2486215175
1.5580000000	2.7076051216E-7	-25.2399468401
1.5570000000	2.7065769308E-7	-25.2230608289
1.5560000000	2.7046169655E-7	-25.2358291333
1.5550000000	2.7044543943E-7	-25.2578307306
1.5540000000	2.7049880002E-7	-25.2524983129
1.5530000000	2.7040832864E-7	-25.2411589931
1.5520000000	2.7029103877E-7	-25.2460842356
1.5510000000	2.7034349999E-7	-25.2408414659
1.5500000000	2.7036973145E-7	-25.2382208440
1.5490000000	2.7017136725E-7	-25.2648526189
1.5480000000	2.7005408700E-7	-25.2697924731
1.5470000000	2.7021384270E-7	-25.2402059542
1.5460000000	2.7018374582E-7	-25.2704141623
1.5450000000	2.6997541478E-7	-25.2776742593
1.5440000000	2.6998925760E-7	-25.2694814046
1.5430000000	2.7018374582E-7	-25.2704141623
1.5420000000	2.7015752131E-7	-25.2730397137
1.5410000000	2.7004170872E-7	-25.2642282309
1.5400000000	2.7001402152E-7	-25.2806110588
1.5390000000	2.7018084670E-7	-25.2979102060
1.5380000000	2.7023228082E-7	-25.3065924625
1.5370000000	2.7015606695E-7	-25.2867890104
1.5360000000	2.7026186075E-7	-25.2761939478
1.5350000000	2.7056973490E-7	-25.3135615603
1.5340000000	2.7064928788E-7	-25.3055961616
1.5330000000	2.7059828178E-7	-25.2971185286
1.5320000000	2.7083138374E-7	-25.3009543734
1.5310000000	2.7110586226E-7	-25.2941041638
1.5300000000	2.7135226103E-7	-25.3033812773
1.5290000000	2.7149333261E-7	-25.3233894118
1.5280000000	2.7179217757E-7	-25.3273952180
1.5270000000	2.7209384699E-7	-25.3040888553
1.5260000000	2.7218579906E-7	-25.3016900409
1.5250000000	2.7244272191E-7	-25.3303509764
1.5240000000	2.7296221808E-7	-25.3463157194
1.5230000000	2.7344586870E-7	-25.3321631248
1.5220000000	2.7380954762E-7	-25.3364218019
1.5210000000	2.7415986129E-7	-25.3489294566
1.5200000000	2.7462880621E-7	-25.3429805710
1.5190000000	2.7512348346E-7	-25.3478797171
1.5180000000	2.7556348788E-7	-25.3714939658
1.5170000000	2.7602047476E-7	-25.3598210898
1.5160000000	2.7669860327E-7	-25.3466585567
1.5150000000	2.7742640107E-7	-25.3552135091
1.5140000000	2.7793350539E-7	-25.3654437875
1.5130000000	2.7868794782E-7	-25.3715426024
1.5120000000	2.7948284751E-7	-25.3668679066
1.5110000000	2.8022218479E-7	-25.3940834345
1.5100000000	2.8091361970E-7	-25.3729714744
1.5090000000	2.8168231549E-7	-25.3708569212
1.5080000000	2.8269476403E-7	-25.4043266678
1.5070000000	2.8347499206E-7	-25.4075218464
1.5060000000	2.8416640855E-7	-25.3997865373
1.5050000000	2.8525926204E-7	-25.3989506057
1.5040000000	2.8627527495E-7	-25.3927943897
1.5030000000	2.8701776862E-7	-25.3931485499
1.5020000000	2.8782287321E-7	-25.4067561151
1.5010000000	2.8877144230E-7	-25.4260927714
1.5000000000	2.8982698467E-7	-25.4225482284
1.4990000000	2.9074039407E-7	-25.4004865517
1.4980000000	2.9155795393E-7	-25.4190475833
1.4970000000	2.9271357318E-7	-25.4567557069
1.4960000000	2.9392495870E-7	-25.4512096059
1.4950000000	2.9468027625E-7	-25.4439764287
1.4940000000	2.9553997997E-7	-25.4396068633
1.4930000000	2.9664571788E-7	-25.4438888533
1.4920000000	2.9776439288E-7	-25.4529213647
1.4910000000	2.9867438674E-7	-25.4688379436
1.4900000000	2.9958440351E-7	-25.4846578274
1.4890000000	3.0069344590E-7	-25.4514827701
1.4880000000	3.0174772300E-7	-25.4603000511
1.4870000000	3.0256415694E-7	-25.4903016994
1.4860000000	3.0352655282E-7	-25.5011399949
1.4850000000	3.0462073036E-7	-25.5000823684
1.4840000000	3.0554524631E-7	-25.4959240313
1.4830000000	3.0643110633E-7	-25.4892299944
1.4820000000	3.0751190397E-7	-25.4834274987
1.4810000000	3.0855161088E-7	-25.4991991982
1.4800000000	3.0925215396E-7	-25.5208398155
1.4790000000	3.0991851562E-7	-25.5038180163
1.4780000000	3.1089460771E-7	-25.5072327009
1.4770000000	3.1185658953E-7	-25.5175634266
1.4760000000	3.1254509923E-7	-25.5343026210
1.4750000000	3.1324802499E-7	-25.5318707361
1.4740000000	3.1438043577E-7	-25.5330656428
1.4730000000	3.1518385351E-7	-25.5688707974
1.4720000000	3.1581171930E-7	-25.5379054812
1.4710000000	3.1637204248E-7	-25.5301662987
1.4700000000	3.1712426206E-7	-25.5585620297
1.4690000000	3.1813994826E-7	-25.5641117117
1.4680000000	3.1872570884E-7	-25.5659514452
1.4670000000	3.1925894689E-7	-25.5605564640
1.4660000000	3.2010609360E-7	-25.5515264537
1.4650000000	3.2082081729E-7	-25.5655270813
1.4640000000	3.2119752490E-7	-25.5737207003
1.4630000000	3.2179252256E-7	-25.6148157196
1.4620000000	3.2257587677E-7	-25.5940050154
1.4610000000	3.2324121800E-7	-25.5776105449
1.4600000000	3.2359067992E-7	-25.5994264559
1.4590000000	3.2406986301E-7	-25.6215730061
1.4580000000	3.2491695560E-7	-25.6125176171
1.4570000000	3.2549018866E-7	-25.6096287683
1.4560000000	3.2584142633E-7	-25.6082992901
1.4550000000	3.2643973071E-7	-25.6146062662
1.4540000000	3.2714199759E-7	-25.6236186351
1.4530000000	3.2765889631E-7	-25.6592042505
1.4520000000	3.2790659243E-7	-25.6552775840
1.4510000000	3.2845575819E-7	-25.6319098154
1.4500000000	3.2919825280E-7	-25.6316792801
1.4490000000	3.2951875392E-7	-25.6778493466
1.4480000000	3.2988489012E-7	-25.6698228591
1.4470000000	3.3060034472E-7	-25.6717603863
1.4460000000	3.3126453685E-7	-25.6668212897
1.4450000000	3.3170674379E-7	-25.6634606890
1.4440000000	3.3208342520E-7	-25.6823866592
1.4430000000	3.3283801958E-7	-25.6867747600
1.4420000000	3.3351280931E-7	-25.7086065568
1.4410000000	3.3389114289E-7	-25.6939199387
1.4400000000	3.3417895791E-7	-25.6814037930
1.4390000000	3.3489147749E-7	-25.7165708215
1.4380000000	3.3552805106E-7	-25.7360526159
1.4370000000	3.3595670336E-7	-25.7392462067
1.4360000000	3.3649118314E-7	-25.7339323485
1.4350000000	3.3732463744E-7	-25.7315038428
1.4340000000	3.3784374981E-7	-25.7438591065
1.4330000000	3.3820890040E-7	-25.7469431038
1.4320000000	3.3870101101E-7	-25.7723429113
1.4310000000	3.3952275977E-7	-25.7544868140
1.4300000000	3.4013559459E-7	-25.7428380558
1.4290000000	3.4049801487E-7	-25.7677965852
1.4280000000	3.4100456155E-7	-25.7755939949
1.4270000000	3.4179838823E-7	-25.7817011205
1.4260000000	3.4255302554E-7	-25.7857459909
1.4250000000	3.4289074236E-7	-25.7907734568
1.4240000000	3.4350264998E-7	-25.7899893794
1.4230000000	3.4443922226E-7	-25.8008016181
1.4220000000	3.4508815803E-7	-25.8237737751
1.4210000000	3.4543980059E-7	-25.8224512942
1.4200000000	3.4615744908E-7	-25.8023004569
1.4190000000	3.4696260893E-7	-25.8234950161
1.4180000000	3.4745491858E-7	-25.8481464540
1.4170000000	3.4807910018E-7	-25.8623891217
1.4160000000	3.4893942333E-7	-25.8470105918
1.4150000000	3.4975939248E-7	-25.8507454862
1.4140000000	3.5053891907E-7	-25.8629339551
1.4130000000	3.5122874867E-7	-25.8665747494
1.4120000000	3.5220338559E-7	-25.8896800167
1.4110000000	3.5333581516E-7	-25.8895964235
1.4100000000	3.5400067013E-7	-25.8740711352
1.4090000000	3.5467586945E-7	-25.8942438186
1.4080000000	3.5579337125E-7	-25.9216307362
1.4070000000	3.5687407360E-7	-25.9256615743
1.4060000000	3.5773355783E-7	-25.9208942361
1.4050000000	3.5847441295E-7	-25.9305176623
1.4040000000	3.5939845643E-7	-25.9363558502
1.4030000000	3.6025722401E-7	-25.9419089614
1.4020000000	3.6095840231E-7	-25.9700251843
1.4010000000	3.6166120683E-7	-25.9670720375
1.4000000000	3.6266442854E-7	-25.9461159201
1.3990000000	3.6343228421E-7	-25.9534873483
1.3980000000	3.6382109089E-7	-25.9849903796
1.3970000000	3.6450988099E-7	-25.9983185702
1.3960000000	3.6491319170E-7	-25.9927654736
1.3950000000	3.6512176760E-7	-25.9972330993
1.3940000000	3.6541972072E-7	-26.0100379159
1.3930000000	3.6574636629E-7	-26.0002345955
1.3920000000	3.6636881862E-7	-26.0235757434
1.3910000000	3.6658895277E-7	-26.0523501694
1.3900000000	3.6670709603E-7	-26.0281980288
1.3890000000	3.6717596072E-7	-26.0329313006
1.3880000000	3.6770760208E-7	-26.0580214995
1.3870000000	3.6796664482E-7	-26.0887405389
1.3860000000	3.6804533425E-7	-26.0726898758
1.3850000000	3.6848673257E-7	-26.0894823657
1.3840000000	3.6896838587E-7	-26.0981592211
1.3830000000	3.6929403673E-7	-26.0884403977
1.3820000000	3.6938430573E-7	-26.1068012649
1.3810000000	3.7013757348E-7	-26.1399945306
1.3800000000	3.7073722295E-7	-26.1144867556
1.3790000000	3.7085453613E-7	-26.1205714655
1.3780000000	3.7089328757E-7	-26.1327773592
1.3770000000	3.7128227561E-7	-26.1633208941
1.3760000000	3.7143799324E-7	-26.1614887150
1.3750000000	3.7138639387E-7	-26.1554300107
1.3740000000	3.7120242093E-7	-26.1893277481
1.3730000000	3.7142431638E-7	-26.1876205373
1.3720000000	3.7146313792E-7	-26.1896604403
1.3710000000	3.7125367117E-7	-26.2155382334
1.3700000000	3.7139746612E-7	-26.2096021466
1.3690000000	3.7161801882E-7	-26.2078134868
1.3680000000	3.7164407866E-7	-26.2159743444
1.3670000000	3.7124015415E-7	-26.2416850042
1.3660000000	3.7107029168E-7	-26.2394653594
1.3650000000	3.7100544676E-7	-26.2394084524
1.3640000000	3.7087424776E-7	-26.2695548226
1.3630000000	3.7057503085E-7	-26.2572156628
1.3620000000	3.7070527506E-7	-26.2672773560
1.3610000000	3.7086014820E-7	-26.3056100107
1.3600000000	3.7065216910E-7	-26.2914998762
1.3590000000	3.7027460418E-7	-26.2951654503
1.3580000000	3.7020945910E-7	-26.3051540075
1.3570000000	3.7035216163E-7	-26.3194375664
1.3560000000	3.7010429911E-7	-26.3232193954
1.3550000000	3.6976578312E-7	-26.3391442048
1.3540000000	3.6968778620E-7	-26.3653656150
1.3530000000	3.6964871437E-7	-26.3531443938
1.3520000000	3.6929647668E-7	-26.3651540257
1.3510000000	3.6906135893E-7	-26.4033515126
1.3500000000	3.6906174774E-7	-26.3832172896
1.3490000000	3.6902267934E-7	-26.3912526514
1.3480000000	3.6876203015E-7	-26.4113500414
1.3470000000	3.6846254939E-7	-26.4294450557
1.3460000000	3.6854030388E-7	-26.4335062349
1.3450000000	3.6865738433E-7	-26.4397339531
1.3440000000	3.6830592593E-7	-26.4719649928
1.3430000000	3.6808431741E-7	-26.4536703157
1.3420000000	3.6818882296E-7	-26.4657415799
1.3410000000	3.6809737003E-7	-26.4881315227
1.3400000000	3.6775886605E-7	-26.4839499166
1.3390000000	3.6760313392E-7	-26.4960440854
1.3380000000	3.6777203573E-7	-26.5184405343
1.3370000000	3.6769325614E-7	-26.5346676299
1.3360000000	3.6732920028E-7	-26.5427989814
1.3350000000	3.6710737770E-7	-26.5447398867
1.3340000000	3.6739402679E-7	-26.5529157577
1.3330000000	3.6718651350E-7	-26.5589800383
1.3320000000	3.6699109044E-7	-26.5792945315
1.3310000000	3.6751125518E-7	-26.5995633427
1.3300000000	3.6732966511E-7	-26.5935116301
1.3290000000	3.6670490157E-7	-26.5915337478
1.3280000000	3.6644476535E-7	-26.6220396197
1.3270000000	3.6653568431E-7	-26.6402712525
1.3260000000	3.6673076143E-7	-26.6505021296
1.3250000000	3.6652242096E-7	-26.6567027580
1.3240000000	3.6643120903E-7	-26.6586136046
1.3230000000	3.6678350966E-7	-26.6870964778
1.3220000000	3.6682274875E-7	-26.7093664004
1.3210000000	3.6670537316E-7	-26.7236670949
1.3200000000	3.6623690080E-7	-26.7095972536
1.3190000000	3.6636659233E-7	-26.7095460851
1.3180000000	3.6662786026E-7	-26.7399150712
1.3170000000	3.6645919382E-7	-26.7584549798
1.3160000000	3.6629032377E-7	-26.7665189413
1.3150000000	3.6661523568E-7	-26.7766145727
1.3140000000	3.6661523568E-7	-26.7766145727
1.3130000000	3.6640763508E-7	-26.7726783849
1.3120000000	3.6631778763E-7	-26.8256809172
1.3110000000	3.6633118089E-7	-26.8398706095
1.3100000000	3.6621352513E-7	-26.8235860708
1.3090000000	3.6588840617E-7	-26.8238858313
1.3080000000	3.6562850539E-7	-26.8648571944
1.3070000000	3.6565526789E-7	-26.8627329596
1.3060000000	3.6519956804E-7	-26.8632447411
1.3050000000	3.6484847417E-7	-26.8756817251
1.3040000000	3.6477087321E-7	-26.8818592445
1.3030000000	3.6456306624E-7	-26.8984165882
1.3020000000	3.6419885014E-7	-26.9172538441
1.3010000000	3.6387542339E-7	-26.9584807403
1.3000000000	3.6350999743E-7	-26.9363192709
