2.3000000000	3.6459598289E-7	-24.8875322216
2.2990000000	3.6483217767E-7	-24.8805382375
2.2980000000	3.6579538808E-7	-24.8808405125
2.2970000000	3.6699008725E-7	-24.8944973577
2.2960000000	3.6837264509E-7	-24.8845549253
2.2950000000	3.6964528563E-7	-24.9024089338
2.2940000000	3.7130820575E-7	-24.9219387325
2.2930000000	3.7240570257E-7	-24.9026905671
2.2920000000	3.7329230565E-7	-24.8987427993
2.2910000000	3.7464575623E-7	-24.9007957059
2.2900000000	3.7576435793E-7	-24.9097080534
2.2890000000	3.7649181849E-7	-24.9168564367
2.2880000000	3.7727188402E-7	-24.9202652610
2.2870000000	3.7820736395E-7	-24.9322646385
2.2860000000	3.7961762421E-7	-24.9107139660
2.2850000000	3.8172761721E-7	-24.9081090609
2.2840000000	3.8253718816E-7	-24.9000237517
2.2830000000	3.8328907092E-7	-24.9149279080
2.2820000000	3.8402027637E-7	-24.9025842658
2.2810000000	3.8456548932E-7	-24.9126741339
2.2800000000	3.8485010863E-7	-24.9215564075
2.2790000000	3.8544793979E-7	-24.9279634201
2.2780000000	3.8669991464E-7	-24.9178860262
2.2770000000	3.8766354742E-7	-24.9182124930
2.2760000000	3.8839101485E-7	-24.9251259412
2.2750000000	3.8914754786E-7	-24.9206079177
2.2740000000	3.9018822068E-7	-24.9250607162
2.2730000000	3.9089124784E-7	-24.9242075468
2.2720000000	3.9164407901E-7	-24.9386856697
2.2710000000	3.9255469964E-7	-24.9423941077
2.2700000000	3.9377851997E-7	-24.9436628800
2.2690000000	3.9442895566E-7	-24.9463373533
2.2680000000	3.9516011548E-7	-24.9342835693
2.2670000000	3.9599368786E-7	-24.9338980425
2.2660000000	3.9680323435E-7	-24.9260508055
2.2650000000	3.9721426114E-7	-24.9540125229
2.2640000000	3.9781120990E-7	-24.9602324048
2.2630000000	3.9882471553E-7	-24.9754950641
2.2620000000	3.9968638080E-7	-24.9639796389
2.2610000000	4.0130003517E-7	-24.9666506429
2.2600000000	4.0304787002E-7	-24.9513242823
2.2590000000	4.0393354424E-7	-24.9476290719
2.2580000000	4.0411667999E-7	-24.9446197911
2.2570000000	4.0465741050E-7	-24.9725676044
2.2560000000	4.0533367659E-7	-24.9826242874
2.2550000000	4.0577608401E-7	-24.9806229241
2.2540000000	4.0611376727E-7	-24.9856646904
2.2530000000	4.0650810033E-7	-24.9687844431
2.2520000000	4.0752431454E-7	-24.9655324330
2.2510000000	4.0825182022E-7	-24.9720252312
2.2500000000	4.0937049315E-7	-24.9800113046
2.2490000000	4.1030563185E-7	-24.9908091669
2.2480000000	4.1064689358E-7	-24.9776983764
2.2470000000	4.1119128794E-7	-24.9870941324
2.2460000000	4.1213091003E-7	-24.9797460173
2.2450000000	4.1327633966E-7	-24.9768840738
2.2440000000	4.1366750138E-7	-24.9783862201
2.2430000000	4.1423997420E-7	-24.9770523500
2.2420000000	4.1530608048E-7	-24.9882895052
2.2410000000	4.1639893566E-7	-24.9887968335
2.2400000000	4.1751762512E-7	-24.9965821355
2.2390000000	4.1832668914E-7	-24.9888932126
2.2380000000	4.1902658284E-7	-25.0058409433
2.2370000000	4.2006687666E-7	-25.0096422497
2.2360000000	4.2202177202E-7	-24.9992348675
2.2350000000	4.2444491908E-7	-24.9941653854
2.2340000000	4.2566874677E-7	-24.9951902582
2.2330000000	4.2699416643E-7	-25.0070280488
2.2320000000	4.2751497789E-7	-25.0089265460
2.2310000000	4.2845015511E-7	-25.0192040159
2.2300000000	4.2998716225E-7	-25.0178755690
2.2290000000	4.3126355146E-7	-25.0155611454
2.2280000000	4.3113348410E-7	-25.0149746614
2.2270000000	4.3246243531E-7	-25.0094258857
2.2260000000	4.3399902138E-7	-25.0080247081
2.2250000000	4.3459691654E-7	-25.0135881939
2.2240000000	4.3571167206E-7	-25.0382076684
2.2230000000	4.3680543605E-7	-25.0385108898
2.2220000000	4.3795126711E-7	-25.0357750315
2.2210000000	4.3930912927E-7	-25.0201396711
2.2200000000	4.4081769127E-7	-25.0287423657
2.2190000000	4.4217116869E-7	-25.0300838439
2.2180000000	4.4349706461E-7	-25.0414939152
2.2170000000	4.4479799745E-7	-25.0459510191
2.2160000000	4.4591674256E-7	-25.0530971102
2.2150000000	4.4714015393E-7	-25.0537953894
2.2140000000	4.4797715940E-7	-25.0366505334
2.2130000000	4.4992855526E-7	-25.0432809588
2.2120000000	4.5198595475E-7	-25.0435743841
2.2110000000	4.5289704352E-7	-25.0466924390
2.2100000000	4.5359663671E-7	-25.0621449035
2.2090000000	4.5484504514E-7	-25.0695393717
2.2080000000	4.5638204296E-7	-25.0681182363
2.2070000000	4.5849107469E-7	-25.0652780373
2.2060000000	4.5989800230E-7	-25.0633462670
2.2050000000	4.6081208628E-7	-25.0501391354
2.2040000000	4.6185282466E-7	-25.0536091277
2.2030000000	4.6299614735E-7	-25.0669752870
2.2020000000	4.6380175312E-7	-25.0759334887
2.2010000000	4.6491962127E-7	-25.0827675767
2.2000000000	4.6606634157E-7	-25.0800358366
2.1990000000	4.6705414091E-7	-25.0863054502
2.1980000000	4.6783853417E-7	-25.0728419337
2.1970000000	4.6843986024E-7	-25.0620632554
2.1960000000	4.6968826846E-7	-25.0692242585
2.1950000000	4.7083071457E-7	-25.0823816501
2.1940000000	4.7205121615E-7	-25.0988133577
2.1930000000	4.7286017846E-7	-25.0918362683
2.1920000000	4.7382381350E-7	-25.0917496006
2.1910000000	4.7473449849E-7	-25.0945224698
2.1900000000	4.7518022741E-7	-25.0770765374
2.1890000000	4.7562058641E-7	-25.0909573824
2.1880000000	4.7616511210E-7	-25.0989415637
2.1870000000	4.7673558967E-7	-25.1132773816
2.1860000000	4.7749111228E-7	-25.1093481070
2.1850000000	4.7882089825E-7	-25.1040238520
2.1840000000	4.8116551774E-7	-25.0956430333
2.1830000000	4.8267749084E-7	-25.0878737837
2.1820000000	4.8337717063E-7	-25.1023146283
2.1810000000	4.8298402036E-7	-25.1165669279
2.1800000000	4.8329716746E-7	-25.1144826642
2.1790000000	4.8410283273E-7	-25.1229861390
2.1780000000	4.8415534647E-7	-25.1200720171
2.1770000000	4.8485834977E-7	-25.1191014398
2.1760000000	4.8660589015E-7	-25.1058593243
2.1750000000	4.8759413664E-7	-25.1119189196
2.1740000000	4.8839931777E-7	-25.1205078293
2.1730000000	4.8910322643E-7	-25.1194953185
2.1720000000	4.8982761032E-7	-25.1398435284
2.1710000000	4.8996050415E-7	-25.1250593095
2.1700000000	4.8847321026E-7	-25.1389868834
2.1690000000	4.8936343322E-7	-25.1202117423
2.1680000000	4.9115972175E-7	-25.1194956099
2.1670000000	4.9157553450E-7	-25.1267670640
2.1660000000	4.9261588456E-7	-25.1297531652
2.1650000000	4.9355164536E-7	-25.1385511361
2.1640000000	4.9448741776E-7	-25.1473158086
2.1630000000	4.9464493125E-7	-25.1387510879
2.1620000000	4.9579120454E-7	-25.1359490259
2.1610000000	4.9709543532E-7	-25.1247462254
2.1600000000	4.9719811199E-7	-25.1339622011
2.1590000000	4.9808046902E-7	-25.1455549345
2.1580000000	4.9893867341E-7	-25.1509252322
2.1570000000	4.9948143162E-7	-25.1733989075
2.1560000000	5.0073310303E-7	-25.1650028813
2.1550000000	5.0195970741E-7	-25.1505529938
2.1540000000	5.0315890366E-7	-25.1450612153
2.1530000000	5.0354876532E-7	-25.1461099351
2.1520000000	5.0461420022E-7	-25.1550493454
2.1510000000	5.0588736421E-7	-25.1674144307
2.1500000000	5.0721346636E-7	-25.1770321445
2.1490000000	5.0809951077E-7	-25.1735510588
2.1480000000	5.0890839715E-7	-25.1669493901
2.1470000000	5.1002725653E-7	-25.1729317934
2.1460000000	5.1135884100E-7	-25.1532000394
2.1450000000	5.1252743927E-7	-25.1710225114
2.1440000000	5.1369746250E-7	-25.1741483508
2.1430000000	5.1489392028E-7	-25.1832549506
2.1420000000	5.1793920839E-7	-25.1884117844
2.1410000000	5.1942639846E-7	-25.1751327766
2.1400000000	5.1919086039E-7	-25.1802780527
2.1390000000	5.2021061930E-7	-25.1628907761
2.1380000000	5.2153628921E-7	-25.1721564288
2.1370000000	5.2262957592E-7	-25.1722753753
2.1360000000	5.2377311792E-7	-25.1838315139
2.1350000000	5.2452548113E-7	-25.1943155508
2.1340000000	5.2515130201E-7	-25.1902878082
2.1330000000	5.2676235071E-7	-25.2058302867
2.1320000000	5.2955233290E-7	-25.1960041383
2.1310000000	5.3236520595E-7	-25.1920213796
2.1300000000	5.3413459907E-7	-25.1993537555
2.1290000000	5.3538314361E-7	-25.2053159073
2.1280000000	5.3608349589E-7	-25.2182803624
2.1270000000	5.3637147773E-7	-25.2106411931
2.1260000000	5.3850605606E-7	-25.2132027725
2.1250000000	5.3938855061E-7	-25.2237780635
2.1240000000	5.3980708628E-7	-25.2164615679
2.1230000000	5.4064106149E-7	-25.2158400032
2.1220000000	5.4173131056E-7	-25.2295795582
2.1210000000	5.4261431155E-7	-25.2399248182
2.1200000000	5.4409790157E-7	-25.2409007411
2.1190000000	5.4578972792E-7	-25.2449121195
2.1180000000	5.4672862411E-7	-25.2390694679
2.1170000000	5.4667874600E-7	-25.2279776583
2.1160000000	5.4678108779E-7	-25.2364779725
2.1150000000	5.4732668398E-7	-25.2432346484
2.1140000000	5.4823355044E-7	-25.2589791707
2.1130000000	5.4867721542E-7	-25.2573261261
2.1120000000	5.4899031837E-7	-25.2554109849
2.1110000000	5.4992877778E-7	-25.2494901795
2.1100000000	5.5094444002E-7	-25.2464729337
2.1090000000	5.5180571412E-7	-25.2377089863
2.1080000000	5.5224295241E-7	-25.2631259149
2.1070000000	5.5263373656E-7	-25.2639539482
2.1060000000	5.5276089313E-7	-25.2777925322
2.1050000000	5.5317845927E-7	-25.2706562539
2.1040000000	5.5412076618E-7	-25.2513036270
2.1030000000	5.5503193806E-7	-25.2535069044
2.1020000000	5.5521405334E-7	-25.2512597418
2.1010000000	5.5508143637E-7	-25.2643361553
2.1000000000	5.5606599945E-7	-25.2827716257
2.0990000000	5.5734319885E-7	-25.2803302300
2.0980000000	5.5815107014E-7	-25.2742000929
2.0970000000	5.5877726581E-7	-25.2704179878
2.0960000000	5.5883062026E-7	-25.2678356593
2.0950000000	5.5908993770E-7	-25.2684374374
2.0940000000	5.5981858106E-7	-25.2727349708
2.0930000000	5.6059629182E-7	-25.2878780338
2.0920000000	5.6088418641E-7	-25.2805369959
2.0910000000	5.6140505944E-7	-25.2817289709
2.0900000000	5.6208327016E-7	-25.2753436266
2.0890000000	5.6268427996E-7	-25.2661539285
2.0880000000	5.6289499876E-7	-25.2560311504
2.0870000000	5.6328487753E-7	-25.2568918476
2.0860000000	5.6432276937E-7	-25.2725146530
2.0850000000	5.6523394907E-7	-25.2746439701
2.0840000000	5.6591216750E-7	-25.2683103193
2.0830000000	5.6716077787E-7	-25.2737866115
2.0820000000	5.6818027622E-7	-25.2576994854
2.0810000000	5.6893276170E-7	-25.2672675142
2.0800000000	5.6987120924E-7	-25.2615343801
2.0790000000	5.7077945412E-7	-25.2766758596
2.0780000000	5.7121930505E-7	-25.2881225103
2.0770000000	5.7202807236E-7	-25.2820872947
2.0760000000	5.7309369003E-7	-25.2897057116
2.0750000000	5.7424032267E-7	-25.2870753436
2.0740000000	5.7562240920E-7	-25.2797698784
2.0730000000	5.7666036185E-7	-25.2950172584
2.0720000000	5.7751778075E-7	-25.2994771256
2.0710000000	5.7897463904E-7	-25.3078414462
2.0700000000	5.8215253195E-7	-25.2992965098
2.0690000000	5.8421280206E-7	-25.2859056879
2.0680000000	5.8551142304E-7	-25.3015250012
2.0670000000	5.8632017617E-7	-25.2956184125
2.0660000000	5.8626773801E-7	-25.2980404232
2.0650000000	5.8712515925E-7	-25.3024228968
2.0640000000	5.8785051668E-7	-25.3192407086
2.0630000000	5.8847625553E-7	-25.3155135407
2.0620000000	5.9105409514E-7	-25.3158040427
2.0610000000	5.9420476843E-7	-25.3149239635
2.0600000000	5.9553348215E-7	-25.3102252861
2.0590000000	5.9496017104E-7	-25.3115144410
2.0580000000	5.9547865744E-7	-25.3251738109
2.0570000000	5.9641424202E-7	-25.3320609250
2.0560000000	5.9743028922E-7	-25.3292247605
2.0550000000	5.9943525074E-7	-25.3308363325
2.0540000000	6.0104899143E-7	-25.3316347305
2.0530000000	6.0232291129E-7	-25.3417327651
2.0520000000	6.0518810248E-7	-25.3352016465
2.0510000000	6.0625103627E-7	-25.3545641780
2.0500000000	6.0765786782E-7	-25.3524323718
2.0490000000	6.0911621199E-7	-25.3480148210
2.0480000000	6.1036855726E-7	-25.3407286685
2.0470000000	6.1273535040E-7	-25.3503523618
2.0460000000	6.1484240591E-7	-25.3593094075
2.0450000000	6.1676922010E-7	-25.3582565090
2.0440000000	6.1773012249E-7	-25.3698009631
2.0430000000	6.1814757707E-7	-25.3633525846
2.0420000000	6.1632922898E-7	-25.3477058835
2.0410000000	6.1606625719E-7	-25.3592921645
2.0400000000	6.1674438227E-7	-25.3533874559
2.0390000000	6.1679406239E-7	-25.3631251698
2.0380000000	6.1775497533E-7	-25.3746615865
2.0370000000	6.1892642256E-7	-25.3769149701
2.0360000000	6.2025508270E-7	-25.3722707740
2.0350000000	6.2127430387E-7	-25.3573968667
2.0340000000	6.2202695265E-7	-25.3660275808
2.0330000000	6.2270278512E-7	-25.3721857073
2.0320000000	6.2353631285E-7	-25.3713554729
2.0310000000	6.2436667569E-7	-25.3825484454
2.0300000000	6.2530500653E-7	-25.3771505578
2.0290000000	6.2575091514E-7	-25.3636621468
2.0280000000	6.2608882908E-7	-25.3667258344
2.0270000000	6.2660971907E-7	-25.3677221269
2.0260000000	6.2710215310E-7	-25.3758145361
2.0250000000	6.2746450655E-7	-25.3835676300
2.0240000000	6.2793300006E-7	-25.3868164971
2.0230000000	6.2819275786E-7	-25.3873853615
2.0220000000	6.2809020200E-7	-25.3800114526
2.0210000000	6.2728512497E-7	-25.3737509104
2.0200000000	6.2691650841E-7	-25.3897297577
2.0190000000	6.2727931137E-7	-25.3975596201
2.0180000000	6.2764433538E-7	-25.3934612054
2.0170000000	6.2800804723E-7	-25.4012407023
2.0160000000	6.2824250000E-7	-25.3969429357
2.0150000000	6.2829579864E-7	-25.3946353741
2.0140000000	6.2741210647E-7	-25.3858381584
2.0130000000	6.2714921746E-7	-25.3972356747
2.0120000000	6.2839575607E-7	-25.4138270810
2.0110000000	6.2930917089E-7	-25.4036472602
2.0100000000	6.2977677354E-7	-25.4069107071
2.0090000000	6.3001212496E-7	-25.4025838835
2.0080000000	6.3003700774E-7	-25.4073484593
2.0070000000	6.2899303101E-7	-25.4173243811
2.0060000000	6.2813509219E-7	-25.4133084798
2.0050000000	6.2807964292E-7	-25.4275292159
2.0040000000	6.2844554657E-7	-25.4233794737
2.0030000000	6.2902143086E-7	-25.4102460694
2.0020000000	6.2987893817E-7	-25.4141783303
2.0010000000	6.3032255865E-7	-25.4126301692
2.0000000000	6.3097053057E-7	-25.4255929345
1.9990000000	6.3198395603E-7	-25.4345170384
1.9980000000	6.3278953484E-7	-25.4407355425
1.9970000000	6.3388328810E-7	-25.4402499303
1.9960000000	6.3521446160E-7	-25.4238867887
1.9950000000	6.3529264848E-7	-25.4263267063
1.9940000000	6.3531755295E-7	-25.4310507503
1.9930000000	6.3651303115E-7	-25.4378917349
1.9920000000	6.3804738229E-7	-25.4476318313
1.9910000000	6.3739681038E-7	-25.4464911699
1.9900000000	6.3661314698E-7	-25.4568289207
1.9890000000	6.3677369745E-7	-25.4383934497
1.9880000000	6.3742426757E-7	-25.4395434909
1.9870000000	6.3958384251E-7	-25.4456282997
1.9860000000	6.4197665206E-7	-25.4590628420
1.9850000000	6.4361577212E-7	-25.4642291780
1.9840000000	6.4447331969E-7	-25.4680005620
1.9830000000	6.4535962589E-7	-25.4649405680
1.9820000000	6.4611583612E-7	-25.4615874841
1.9810000000	6.4640351100E-7	-25.4551403313
1.9800000000	6.4650825188E-7	-25.4507218065
1.9790000000	6.4702665011E-7	-25.4631014032
1.9780000000	6.4822013456E-7	-25.4813008017
1.9770000000	6.4954625044E-7	-25.4880904602
1.9760000000	6.5077302197E-7	-25.4762981842
1.9750000000	6.5225663752E-7	-25.4765746290
1.9740000000	6.5410907535E-7	-25.4613604095
1.9730000000	6.5509424259E-7	-25.4767128584
1.9720000000	6.5629068344E-7	-25.4832269553
1.9710000000	6.5837342581E-7	-25.4866886012
1.9700000000	6.5967216412E-7	-25.5000782432
1.9690000000	6.6050809497E-7	-25.4878849039
1.9680000000	6.6149623176E-7	-25.4917024711
1.9670000000	6.6298276221E-7	-25.4806186005
1.9660000000	6.6462190385E-7	-25.4855684865
1.9650000000	6.6756221357E-7	-25.4925887096
1.9640000000	6.6950960026E-7	-25.5179866049
1.9630000000	6.7086401908E-7	-25.5178469130
1.9620000000	6.7198422307E-7	-25.5107067841
1.9610000000	6.7349568226E-7	-25.5042071116
1.9600000000	6.7500715007E-7	-25.4977365470
1.9590000000	6.7677929783E-7	-25.4917463841
1.9580000000	6.7823312583E-7	-25.5094641139
1.9570000000	6.7927258374E-7	-25.5220207926
1.9560000000	6.8049552715E-7	-25.5217488279
1.9550000000	6.8151194258E-7	-25.5188676991
1.9540000000	6.8281549338E-7	-25.5099807543
1.9530000000	6.8385642216E-7	-25.5116243813
1.9520000000	6.8490021644E-7	-25.5023038448
1.9510000000	6.8583406796E-7	-25.5189595797
1.9500000000	6.8700231880E-7	-25.5315940104
1.9490000000	6.8752323796E-7	-25.5323771198
1.9480000000	6.8864432298E-7	-25.5253502323
1.9470000000	6.8942501330E-7	-25.5266020417
1.9460000000	6.8947735210E-7	-25.5245250371
1.9450000000	6.8971260524E-7	-25.5205326117
1.9440000000	6.9015293561E-7	-25.5298511712
1.9430000000	6.9106187253E-7	-25.5420044382
1.9420000000	6.9283353408E-7	-25.5359652352
1.9410000000	6.9306920863E-7	-25.5320628566
1.9400000000	6.9280853355E-7	-25.5316371529
1.9390000000	6.9293820441E-7	-25.5318305586
1.9380000000	6.9283353408E-7	-25.5359652352
1.9370000000	6.9278120027E-7	-25.5380330421
1.9360000000	6.9314235801E-7	-25.5558345737
1.9350000000	6.9387030017E-7	-25.5590356287
1.9340000000	6.9402727680E-7	-25.5528381275
1.9330000000	6.9436486792E-7	-25.5554340447
1.9320000000	6.9723111600E-7	-25.5489256625
1.9310000000	6.9858234327E-7	-25.5594022003
1.9300000000	6.9941812748E-7	-25.5478163056
1.9290000000	6.9910010236E-7	-25.5708144381
1.9280000000	6.9915559107E-7	-25.5581008533
1.9270000000	6.9928526298E-7	-25.5582875963
1.9260000000	6.9923110846E-7	-25.5710373851
1.9250000000	6.9832209721E-7	-25.5590640818
1.9240000000	6.9745906019E-7	-25.5770361809
1.9230000000	6.9719881288E-7	-25.5767040999
1.9220000000	6.9678342404E-7	-25.5718116450
1.9210000000	6.9701863743E-7	-25.5678451092
1.9200000000	6.9701863743E-7	-25.5678451092
1.9190000000	6.9712102555E-7	-25.5743881105
1.9180000000	6.9768935694E-7	-25.5944792325
1.9170000000	6.9849779033E-7	-25.5891821040
1.9160000000	6.9950931246E-7	-25.6076290448
1.9150000000	7.0008650310E-7	-25.5849908637
1.9140000000	7.0037445216E-7	-25.5790636424
1.9130000000	6.9998410023E-7	-25.5784771327
1.9120000000	6.9922575489E-7	-25.5923239241
1.9110000000	6.9901652350E-7	-25.6005382449
1.9100000000	7.0052520580E-7	-25.6048106167
1.9090000000	7.0008254671E-7	-25.6062899318
1.9080000000	7.0016519757E-7	-25.5872605240
1.9070000000	7.0071027566E-7	-25.5923002700
1.9060000000	7.0172664816E-7	-25.5893999502
1.9050000000	7.0422178985E-7	-25.6077409045
1.9040000000	7.0554807169E-7	-25.6137539788
1.9030000000	7.0583382969E-7	-25.6183871099
1.9020000000	7.0617360548E-7	-25.6103870900
1.9010000000	7.0661890912E-7	-25.5982952632
1.9000000000	7.0573311756E-7	-25.6013303258
1.8990000000	7.0596612774E-7	-25.6079284578
1.8980000000	7.0674683893E-7	-25.6090583671
1.8970000000	7.0750079243E-7	-25.6163436025
1.8960000000	7.0843887507E-7	-25.6112695247
1.8950000000	7.0926973936E-7	-25.6208416875
1.8940000000	7.1020781707E-7	-25.6157743066
1.8930000000	7.1070153059E-7	-25.6227080209
1.8920000000	7.1137765538E-7	-25.6278546158
1.8910000000	7.1200106186E-7	-25.6349380020
1.8900000000	7.1267676754E-7	-25.6399911307
1.8890000000	7.1244327925E-7	-25.6333931285
1.8880000000	7.1249557136E-7	-25.6313753834
1.8870000000	7.1320150289E-7	-25.6197592886
1.8860000000	7.1379769203E-7	-25.6330428573
1.8850000000	7.1413575946E-7	-25.6356013239
1.8840000000	7.1376794323E-7	-25.6497709530
1.8830000000	7.1420852521E-7	-25.6586959493
1.8820000000	7.1465370286E-7	-25.6467099738
1.8810000000	7.1540978934E-7	-25.6434895466
1.8800000000	7.1528131064E-7	-25.6329698283
1.8790000000	7.1574786258E-7	-25.6460373164
1.8780000000	7.1592818471E-7	-25.6546448618
1.8770000000	7.1788002630E-7	-25.6571203700
1.8760000000	7.2016791928E-7	-25.6724238935
1.8750000000	7.2196496685E-7	-25.6705284303
1.8740000000	7.2373646037E-7	-25.6644324930
1.8730000000	7.2509202019E-7	-25.6538171078
1.8720000000	7.2665188660E-7	-25.6660359928
1.8710000000	7.2766571464E-7	-25.6734517224
1.8700000000	7.2617962309E-7	-25.6839429990
1.8690000000	7.2490154671E-7	-25.6967421487
1.8680000000	7.2630821839E-7	-25.6942958463
1.8670000000	7.2719593752E-7	-25.6810161783
1.8660000000	7.2829077166E-7	-25.6700649034
1.8650000000	7.2875943710E-7	-25.6726800655
1.8640000000	7.3042590712E-7	-25.6706814716
1.8630000000	7.3169800124E-7	-25.6884873336
1.8620000000	7.3289470883E-7	-25.6939748036
1.8610000000	7.3401310809E-7	-25.6973619959
1.8600000000	7.3482341128E-7	-25.6821023445
1.8590000000	7.3323478749E-7	-25.6863054323
1.8580000000	7.3338960592E-7	-25.6905442774
1.8570000000	7.3310223181E-7	-25.6963187694
1.8560000000	7.3398796013E-7	-25.6932822489
1.8550000000	7.3432606087E-7	-25.6957426362
1.8540000000	7.3437486113E-7	-25.7140856217
1.8530000000	7.3547051580E-7	-25.7031582282
1.8520000000	7.3523541693E-7	-25.7069605971
1.8510000000	7.3578303279E-7	-25.7014694444
1.8500000000	7.3885180900E-7	-25.7172306144
1.8490000000	7.4028513001E-7	-25.7087295487
1.8480000000	7.4080607570E-7	-25.7093317714
1.8470000000	7.4119305089E-7	-25.7299353976
1.8460000000	7.4163714092E-7	-25.7183763023
1.8450000000	7.4254994774E-7	-25.7093744304
1.8440000000	7.4333114953E-7	-25.7102392933
1.8430000000	7.4405962721E-7	-25.7131427367
1.8420000000	7.4478576231E-7	-25.7259471937
1.8410000000	7.4517703226E-7	-25.7263878134
1.8400000000	7.4587990938E-7	-25.7251854748
1.8390000000	7.4642750275E-7	-25.7197592586
1.8380000000	7.4668968330E-7	-25.7100690085
1.8370000000	7.4671336569E-7	-25.7240981705
1.8360000000	7.4666021335E-7	-25.7260632468
1.8350000000	7.4650158947E-7	-25.7418133000
1.8340000000	7.4574557305E-7	-25.7449991428
1.8330000000	7.4426149271E-7	-25.7453952835
1.8320000000	7.4317011480E-7	-25.7361571584
1.8310000000	7.4244205621E-7	-25.7333423368
1.8300000000	7.4205078557E-7	-25.7329037601
1.8290000000	7.4217717722E-7	-25.7531409325
1.8280000000	7.4220237975E-7	-25.7571736343
1.8270000000	7.4290658355E-7	-25.7559733032
1.8260000000	7.4376433559E-7	-25.7589047988
1.8250000000	7.4410476898E-7	-25.7512149820
1.8240000000	7.4327131947E-7	-25.7523365093
1.8230000000	7.4262068920E-7	-25.7516244200
1.8220000000	7.4285162994E-7	-25.7679528131
1.8210000000	7.4316276032E-7	-25.7763209036
1.8200000000	7.4321725658E-7	-25.7642763620
1.8190000000	7.4334737053E-7	-25.7644854845
1.8180000000	7.4332172672E-7	-25.7603898221
1.8170000000	7.4378954336E-7	-25.7629287000
1.8160000000	7.4420602876E-7	-25.7673719642
1.8150000000	7.4469906722E-7	-25.7739220553
1.8140000000	7.4456670748E-7	-25.7837968001
1.8130000000	7.4461983399E-7	-25.7818220788
1.8120000000	7.4519480312E-7	-25.7704593516
1.8110000000	7.4503721197E-7	-25.7763104735
1.8100000000	7.4503721197E-7	-25.7763104735
1.8090000000	7.4529569831E-7	-25.7865208658
1.8080000000	7.4576529770E-7	-25.7790735512
1.8070000000	7.4896492546E-7	-25.7944067453
1.8060000000	7.5070926163E-7	-25.7941493858
1.8050000000	7.5143910844E-7	-25.7869864511
1.8040000000	7.5190784072E-7	-25.7894482198
1.8030000000	7.5235000471E-7	-25.7878944779
1.8020000000	7.5281743038E-7	-25.8002909825
1.8010000000	7.5284267586E-7	-25.8042651085
1.8000000000	7.5349504603E-7	-25.7950611725
1.7990000000	7.5422314347E-7	-25.7977751641
1.7980000000	7.5464096672E-7	-25.7922234781
1.7970000000	7.5591569549E-7	-25.7994932550
1.7960000000	7.5708467140E-7	-25.8105251141
1.7950000000	7.5674650816E-7	-25.8081900086
1.7940000000	7.5557491092E-7	-25.8070163485
1.7930000000	7.5440594397E-7	-25.7959569749
1.7920000000	7.5419790390E-7	-25.7938080950
1.7910000000	7.5375357568E-7	-25.8051505635
1.7900000000	7.5346634988E-7	-25.8108126873
1.7890000000	7.5333407267E-7	-25.8205789892
1.7880000000	7.5533864021E-7	-25.8206549741
1.7870000000	7.5690018435E-7	-25.8221569517
1.7860000000	7.5737018804E-7	-25.8147006061
1.7850000000	7.5763215890E-7	-25.8051174719
1.7840000000	7.5791640630E-7	-25.8191634362
1.7830000000	7.5822673327E-7	-25.8273771695
1.7820000000	7.5817452727E-7	-25.8292867165
1.7810000000	7.5786040895E-7	-25.8407824761
1.7800000000	7.5807011780E-7	-25.8331065996
1.7790000000	7.5799264081E-7	-25.8310709680
1.7780000000	7.5773237813E-7	-25.8308526686
1.7770000000	7.5760014579E-7	-25.8405674748
1.7760000000	7.5689567578E-7	-25.8516750287
1.7750000000	7.5562129611E-7	-25.8445709550
1.7740000000	7.5621974235E-7	-25.8471065521
1.7730000000	7.5684258060E-7	-25.8536226223
1.7720000000	7.5499593708E-7	-25.8479113331
1.7710000000	7.5351186839E-7	-25.8485053008
1.7700000000	7.5314840110E-7	-25.8422051977
1.7690000000	7.5301502762E-7	-25.8619169101
1.7680000000	7.5291064696E-7	-25.8657674942
1.7670000000	7.5241342290E-7	-25.8791327050
1.7660000000	7.5202257553E-7	-25.8788443471
1.7650000000	7.5140084249E-7	-25.8623502352
1.7640000000	7.5087987786E-7	-25.8618626729
1.7630000000	7.5025453216E-7	-25.8652385744
1.7620000000	7.5121649466E-7	-25.8740828028
1.7610000000	7.5152782539E-7	-25.8823137997
1.7600000000	7.5038307830E-7	-25.8753301673
1.7590000000	7.4809181301E-7	-25.8811988105
1.7580000000	7.4725839869E-7	-25.8824593274
1.7570000000	7.4702456496E-7	-25.8762426030
1.7560000000	7.4645030623E-7	-25.8877279925
1.7550000000	7.4647563138E-7	-25.8917330542
1.7540000000	7.4694442190E-7	-25.8941454453
1.7530000000	7.4650096018E-7	-25.8957378441
1.7520000000	7.4595556317E-7	-25.8912292538
1.7510000000	7.4509530579E-7	-25.8984645511
1.7500000000	7.4457283865E-7	-25.9079774039
1.7490000000	7.4428574705E-7	-25.9137490417
1.7480000000	7.4431257233E-7	-25.9077820605
1.7470000000	7.4332521020E-7	-25.8948776460
1.7460000000	7.4210141421E-7	-25.8957751900
1.7450000000	7.4116216275E-7	-25.9110040482
1.7440000000	7.4072004362E-7	-25.9126547429
1.7430000000	7.3977995102E-7	-25.9279673313
1.7420000000	7.3889629769E-7	-25.9211016938
1.7410000000	7.3853420922E-7	-25.9046517397
1.7400000000	7.3762180537E-7	-25.9139442195
1.7390000000	7.3689273754E-7	-25.9113178493
1.7380000000	7.3782655021E-7	-25.9363523967
1.7370000000	7.3829589473E-7	-25.9287344624
1.7360000000	7.3806145184E-7	-25.9324903375
1.7350000000	7.3644681296E-7	-25.9331911375
1.7340000000	7.3517230122E-7	-25.9260307738
1.7330000000	7.3413125781E-7	-25.9250896605
1.7320000000	7.3295721304E-7	-25.9444119043
1.7310000000	7.3176021009E-7	-25.9393345134
1.7300000000	7.3100622329E-7	-25.9325195228
1.7290000000	7.3056511446E-7	-25.9239649673
1.7280000000	7.2988576644E-7	-25.9397638019
1.7270000000	7.2926048151E-7	-25.9433036869
1.7260000000	7.2894666714E-7	-25.9553045378
1.7250000000	7.2842569282E-7	-25.9548684270
1.7240000000	7.2790701146E-7	-25.9441893742
1.7230000000	7.2723098156E-7	-25.9395247847
1.7220000000	7.2660569644E-7	-25.9430773976
1.7210000000	7.2613547745E-7	-25.9508617735
1.7200000000	7.2566434877E-7	-25.9689666518
1.7190000000	7.2514247257E-7	-25.9788562296
1.7180000000	7.2467453506E-7	-25.9763914329
1.7170000000	7.2428458080E-7	-25.9761098673
1.7160000000	7.2412951130E-7	-25.9615811960
1.7150000000	7.2391869496E-7	-25.9799182834
1.7140000000	7.2371146411E-7	-25.9776970946
1.7130000000	7.2391869496E-7	-25.9799182834
1.7120000000	7.2396995516E-7	-25.9882420970
1.7110000000	7.2368383463E-7	-25.9838712111
1.7100000000	7.2373687122E-7	-25.9818248364
1.7090000000	7.2404927909E-7	-25.9799884263
1.7080000000	7.2443835976E-7	-25.9905958857
1.7070000000	7.2464475167E-7	-26.0031361211
1.7060000000	7.2498301792E-7	-26.0054836782
1.7050000000	7.2521785940E-7	-26.0015308330
1.7040000000	7.2540057364E-7	-25.9995886089
1.7030000000	7.2542728288E-7	-25.9934631204
1.7020000000	7.2547812953E-7	-26.0016976851
1.7010000000	7.2573667632E-7	-26.0122084680
1.7000000000	7.2599614615E-7	-26.0226771397
1.6990000000	7.2643956082E-7	-26.0209623058
1.6980000000	7.2657048983E-7	-26.0108326581
1.6970000000	7.2670107442E-7	-26.0108969900
1.6960000000	7.2698508941E-7	-26.0254945896
1.6950000000	7.2703890611E-7	-26.0131634731
1.6940000000	7.2714112485E-7	-26.0296629950
1.6930000000	7.2706265735E-7	-26.0275963058
1.6920000000	7.2688163883E-7	-26.0192133071
1.6910000000	7.2675195277E-7	-26.0191159015
1.6900000000	7.2688163883E-7	-26.0192133071
1.6890000000	7.2682873721E-7	-26.0315129438
1.6880000000	7.2659392194E-7	-26.0354667153
1.6870000000	7.2614860874E-7	-26.0577264057
1.6860000000	7.2570800278E-7	-26.0388808154
1.6850000000	7.2529258607E-7	-26.0345164961
1.6840000000	7.2479706304E-7	-26.0382548492
1.6830000000	7.2427608123E-7	-26.0378759066
1.6820000000	7.2391041213E-7	-26.0520163270
1.6810000000	7.2344153675E-7	-26.0496294362
1.6800000000	7.2289525794E-7	-26.0554431581
1.6790000000	7.2221777669E-7	-26.0508139137
1.6780000000	7.2167222276E-7	-26.0462708298
1.6770000000	7.2083885932E-7	-26.0477683921
1.6760000000	7.2008397379E-7	-26.0513540029
1.6750000000	7.1943125373E-7	-26.0612526682
1.6740000000	7.1862427806E-7	-26.0668913416
1.6730000000	7.1781753756E-7	-26.0622262210
1.6720000000	7.1685405306E-7	-26.0635878879
1.6710000000	7.1584004661E-7	-26.0566847682
1.6700000000	7.1479693939E-7	-26.0663389698
1.6690000000	7.1370309450E-7	-26.0781049106
1.6680000000	7.1266047224E-7	-26.0878916184
1.6670000000	7.1151630231E-7	-26.0808218909
1.6660000000	7.1031914821E-7	-26.0758211264
1.6650000000	7.0919958855E-7	-26.0729531745
1.6640000000	7.0784614749E-7	-26.0741118626
1.6630000000	7.0675208114E-7	-26.0754547399
1.6620000000	7.0570927746E-7	-26.0958274095
1.6610000000	7.0438152155E-7	-26.0907593811
1.6600000000	7.0287182165E-7	-26.0981985568
1.6590000000	7.0159705040E-7	-26.0909953129
1.6580000000	7.0138842767E-7	-26.0886988155
1.6570000000	7.0021676861E-7	-26.0879017260
1.6560000000	6.9891374635E-7	-26.1083500207
1.6550000000	6.9758597686E-7	-26.1032564572
1.6540000000	6.9631209592E-7	-26.0959715966
1.6530000000	6.9498327859E-7	-26.1015270076
1.6520000000	6.9342121636E-7	-26.1004458556
1.6510000000	6.9201569797E-7	-26.1037975020
1.6500000000	6.9066033787E-7	-26.1158405985
1.6490000000	6.8922840052E-7	-26.1149444799
1.6480000000	6.8779736127E-7	-26.1140079633
1.6470000000	6.8639243797E-7	-26.1065143433
1.6460000000	6.8519465910E-7	-26.1122946465
1.6450000000	6.8402198183E-7	-26.1223821583
1.6440000000	6.8295391037E-7	-26.1282933170
1.6430000000	6.8183333582E-7	-26.1362943652
1.6420000000	6.8066256682E-7	-26.1355192252
1.6410000000	6.7936219839E-7	-26.1237588178
1.6400000000	6.7821607296E-7	-26.1273957436
1.6390000000	6.7733066493E-7	-26.1312498722
1.6380000000	6.7634112200E-7	-26.1394427189
1.6370000000	6.7519500842E-7	-26.1431225405
1.6360000000	6.7418044286E-7	-26.1358361976
1.6350000000	6.7339821921E-7	-26.1464107434
1.6340000000	6.7261785234E-7	-26.1459250309
1.6330000000	6.7183658784E-7	-26.1454757697
1.6320000000	6.7084706905E-7	-26.1537566976
1.6310000000	6.7011832305E-7	-26.1510151200
1.6300000000	6.6954571108E-7	-26.1529572741
1.6290000000	6.6879001217E-7	-26.1569743742
1.6280000000	6.6808727302E-7	-26.1587696806
1.6270000000	6.6727952177E-7	-26.1649980079
1.6260000000	6.6691469427E-7	-26.1691976684
1.6250000000	6.6678280752E-7	-26.1915236796
1.6240000000	6.6641972508E-7	-26.1734407906
1.6230000000	6.6602931979E-7	-26.1731727645
1.6220000000	6.6602931979E-7	-26.1731727645
1.6210000000	6.6610695626E-7	-26.1754496050
1.6200000000	6.6597726731E-7	-26.1753737348
1.6190000000	6.6589785893E-7	-26.1842932034
1.6180000000	6.6597509792E-7	-26.1978039322
1.6170000000	6.6594949461E-7	-26.1933264379
1.6160000000	6.6581936400E-7	-26.1931768156
1.6150000000	6.6579376489E-7	-26.1886980961
1.6140000000	6.6597509792E-7	-26.1978039322
1.6130000000	6.6615772692E-7	-26.1956351606
1.6120000000	6.6641800271E-7	-26.1957409912
1.6110000000	6.6675554913E-7	-26.2093403149
1.6100000000	6.6691051611E-7	-26.2250990783
1.6090000000	6.6696460149E-7	-26.2005002371
1.6080000000	6.6719881568E-7	-26.1962500061
1.6070000000	6.6748469754E-7	-26.2008226835
1.6060000000	6.6795284462E-7	-26.2144279094
1.6050000000	6.6847260312E-7	-26.2259318198
1.6040000000	6.6870725057E-7	-26.2215675444
1.6030000000	6.6925222304E-7	-26.2374301961
1.6020000000	6.6974834246E-7	-26.2221397387
1.6010000000	6.7003502680E-7	-26.2155939954
1.6000000000	6.7034699615E-7	-26.2246630203
1.5990000000	6.7071056668E-7	-26.2314568455
1.5980000000	6.7115197561E-7	-26.2517201838
1.5970000000	6.7151629006E-7	-26.2474256683
1.5960000000	6.7193324853E-7	-26.2520463704
1.5950000000	6.7235002503E-7	-26.2456472181
1.5940000000	6.7273999172E-7	-26.2457942798
1.5930000000	6.7307767602E-7	-26.2592407617
1.5920000000	6.7352099723E-7	-26.2572354672
1.5910000000	6.7380580746E-7	-26.2728811937
1.5900000000	6.7406608467E-7	-26.2729559966
1.5890000000	6.7432703535E-7	-26.2620113044
1.5880000000	6.7445672548E-7	-26.2620695759
1.5870000000	6.7458775487E-7	-26.2621664109
1.5860000000	6.7474311085E-7	-26.2666413238
1.5850000000	6.7484690492E-7	-26.2733699029
1.5840000000	6.7497749187E-7	-26.2733883721
1.5830000000	6.7505517450E-7	-26.2756235029
1.5820000000	6.7508085251E-7	-26.2800374775
1.5810000000	6.7500316785E-7	-26.2778029397
1.5800000000	6.7492548422E-7	-26.2755678875
1.5790000000	6.7476857049E-7	-26.2821460476
1.5780000000	6.7479363651E-7	-26.2975734792
1.5770000000	6.7455905682E-7	-26.3019248117
1.5760000000	6.7427248811E-7	-26.3084633342
1.5750000000	6.7419494573E-7	-26.2951315829
1.5740000000	6.7398666712E-7	-26.2928811349
1.5730000000	6.7385637293E-7	-26.3038559054
1.5720000000	6.7380437894E-7	-26.3060413985
1.5710000000	6.7359551640E-7	-26.3148244519
1.5700000000	6.7359551640E-7	-26.3148244519
1.5690000000	6.7333523862E-7	-26.3147657810
1.5680000000	6.7304880814E-7	-26.3102049486
1.5670000000	6.7302252837E-7	-26.3168196250
1.5660000000	6.7291911748E-7	-26.3101558322
1.5650000000	6.7283933292E-7	-26.3411631733
1.5640000000	6.7260485806E-7	-26.3344182983
1.5630000000	6.7234458005E-7	-26.3343671262
1.5620000000	6.7218926334E-7	-26.3187609737
1.5610000000	6.7203330438E-7	-26.3253381913
1.5600000000	6.7177160006E-7	-26.3363826833
1.5590000000	6.7166764227E-7	-26.3407726099
1.5580000000	6.7195361646E-7	-26.3563882077
1.5570000000	6.7174484479E-7	-26.3652111099
1.5560000000	6.7166714712E-7	-26.3518357445
1.5550000000	6.7151081685E-7	-26.3473979158
1.5540000000	6.7156230716E-7	-26.3562666224
1.5530000000	6.7156230716E-7	-26.3562666224
1.5520000000	6.7117233786E-7	-26.3561834898
1.5510000000	6.7101642934E-7	-26.3627793713
1.5500000000	6.7098932496E-7	-26.3694540656
1.5490000000	6.7059936692E-7	-26.3582212107
1.5480000000	6.7062511989E-7	-26.3626613453
1.5470000000	6.7067708209E-7	-26.3716171308
1.5460000000	6.7052118571E-7	-26.3670628516
1.5450000000	6.7046833794E-7	-26.3804615729
1.5440000000	6.7046793266E-7	-26.3915445227
1.5430000000	6.7039019691E-7	-26.3893075347
1.5420000000	6.7039016296E-7	-26.3781467335
1.5410000000	6.7044215350E-7	-26.3871044569
1.5400000000	6.7049411108E-7	-26.3849017206
1.5390000000	6.7065047537E-7	-26.3893375337
1.5380000000	6.7093697958E-7	-26.3938808821
1.5370000000	6.7106629610E-7	-26.4049870384
1.5360000000	6.7127383072E-7	-26.4183965573
1.5350000000	6.7158729791E-7	-26.4051112128
1.5340000000	6.7197771261E-7	-26.4052422687
1.5330000000	6.7247166814E-7	-26.4120277730
1.5320000000	6.7273205788E-7	-26.4231708348
1.5310000000	6.7322680725E-7	-26.4187839307
1.5300000000	6.7390255036E-7	-26.4344818406
1.5290000000	6.7447548905E-7	-26.4323893172
1.5280000000	6.7510006925E-7	-26.4391162459
1.5270000000	6.7582852198E-7	-26.4414510120
1.5260000000	6.7661024857E-7	-26.4416316850
1.5250000000	6.7757315448E-7	-26.4395758986
1.5240000000	6.7861426426E-7	-26.4398061579
1.5230000000	6.7960317561E-7	-26.4531469728
1.5220000000	6.8080071218E-7	-26.4577097403
1.5210000000	6.8210187128E-7	-26.4688084947
1.5200000000	6.8335156614E-7	-26.4602852453
1.5190000000	6.8460125827E-7	-26.4735764077
1.5180000000	6.8592826925E-7	-26.4671787336
1.5170000000	6.8717818420E-7	-26.4695940339
1.5160000000	6.8858409751E-7	-26.4762265824
1.5150000000	6.9030158540E-7	-26.4915551152
1.5140000000	6.9196735895E-7	-26.4982122721
1.5130000000	6.9386769669E-7	-26.4898279233
1.5120000000	6.9558599738E-7	-26.4835303908
1.5110000000	6.9719984949E-7	-26.4922823035
1.5100000000	6.9917825600E-7	-26.4968126733
1.5090000000	7.0128622648E-7	-26.5119252172
1.5080000000	7.0331712660E-7	-26.5035898968
1.5070000000	7.0550347412E-7	-26.5100636213
1.5060000000	7.0800258124E-7	-26.5039604472
1.5050000000	7.0985119061E-7	-26.5188470966
1.5040000000	7.1221914635E-7	-26.5231380610
1.5030000000	7.1438006311E-7	-26.5253810615
1.5020000000	7.1656688732E-7	-26.5317598889
1.5010000000	7.1885705345E-7	-26.5338976986
1.5000000000	7.2148619513E-7	-26.5382019730
1.4990000000	7.2369856075E-7	-26.5382486455
1.4980000000	7.2617165167E-7	-26.5383399257
1.4970000000	7.2867106625E-7	-26.5527787196
1.4960000000	7.3127384932E-7	-26.5528224003
1.4950000000	7.3390345606E-7	-26.5568813182
1.4940000000	7.3658449822E-7	-26.5589982658
1.4930000000	7.3918727906E-7	-26.5690722425
1.4920000000	7.4194658559E-7	-26.5630135861
1.4910000000	7.4465446525E-7	-26.5690427202
1.4900000000	7.4707481236E-7	-26.5809999213
1.4890000000	7.4952243825E-7	-26.5869646409
1.4880000000	7.5196962455E-7	-26.5928223970
1.4870000000	7.5423385443E-7	-26.5907346304
1.4860000000	7.5655039939E-7	-26.5867610762
1.4850000000	7.5881513539E-7	-26.5945641594
1.4840000000	7.6113212346E-7	-26.5905018570
1.4830000000	7.6357894983E-7	-26.6060914440
1.4820000000	7.6571402851E-7	-26.6137740012
1.4810000000	7.6795226938E-7	-26.6077929539
1.4800000000	7.7029566797E-7	-26.6076629245
1.4790000000	7.7245617558E-7	-26.6094345126
1.4780000000	7.7453864627E-7	-26.6285690368
1.4770000000	7.7672560987E-7	-26.6341632848
1.4760000000	7.7875554254E-7	-26.6358915143
1.4750000000	7.8099498623E-7	-26.6491071667
1.4740000000	7.8305102586E-7	-26.6355029143
1.4730000000	7.8505557101E-7	-26.6429605634
1.4720000000	7.8692998904E-7	-26.6503292137
1.4710000000	7.8864781401E-7	-26.6539448383
1.4700000000	7.9039255958E-7	-26.6612697448
1.4690000000	7.9205880367E-7	-26.6761103104
1.4680000000	7.9367274561E-7	-26.6740442414
1.4670000000	7.9526020627E-7	-26.6681881279
1.4660000000	7.9705656890E-7	-26.6642265564
1.4650000000	7.9859250654E-7	-26.6882926958
1.4640000000	8.0012885354E-7	-26.6936602973
1.4630000000	8.0163914960E-7	-26.6953038663
1.4620000000	8.0340882952E-7	-26.6968986728
1.4610000000	8.0471021764E-7	-26.6966854469
1.4600000000	8.0606462040E-7	-26.7038073916
1.4590000000	8.0762616469E-7	-26.7128033815
1.4580000000	8.0937182328E-7	-26.7290737932
1.4570000000	8.1062140751E-7	-26.7306543161
1.4560000000	8.1207829484E-7	-26.7156219439
1.4550000000	8.1345836972E-7	-26.7263913233
1.4540000000	8.1496733574E-7	-26.7279161804
1.4530000000	8.1634833637E-7	-26.7385950848
1.4520000000	8.1778068893E-7	-26.7565269677
1.4510000000	8.1882179787E-7	-26.7563148039
1.4500000000	8.1999349097E-7	-26.7560415053
1.4490000000	8.2134666589E-7	-26.7539174173
1.4480000000	8.2257058369E-7	-26.7608633460
1.4470000000	8.2426283698E-7	-26.7695075604
1.4460000000	8.2579977279E-7	-26.7835554553
1.4450000000	8.2728454566E-7	-26.7994551961
1.4440000000	8.2863769715E-7	-26.7972789031
1.4430000000	8.2988730707E-7	-26.7987200347
1.4420000000	8.3137104247E-7	-26.7964845698
1.4410000000	8.3264779904E-7	-26.8104702502
1.4400000000	8.3405429569E-7	-26.8243727754
1.4390000000	8.3553860835E-7	-26.8309962425
1.4380000000	8.3707453383E-7	-26.8269879938
1.4370000000	8.3837591182E-7	-26.8265813968
1.4360000000	8.3970346598E-7	-26.8297076834
1.4350000000	8.4163102787E-7	-26.8432890705
1.4340000000	8.4316622765E-7	-26.8480703102
1.4330000000	8.4470277715E-7	-26.8528640474
1.4320000000	8.4639522731E-7	-26.8610982715
1.4310000000	8.4795732589E-7	-26.8605831099
1.4300000000	8.4946723057E-7	-26.8617771845
1.4290000000	8.5100448913E-7	-26.8752423581
1.4280000000	8.5259352437E-7	-26.8868962041
1.4270000000	8.5412922943E-7	-26.8915975246
1.4260000000	8.5543076363E-7	-26.8823839704
1.4250000000	8.5662851490E-7	-26.8941146339
1.4240000000	8.5824308585E-7	-26.9004520718
1.4230000000	8.5988391613E-7	-26.9102119936
1.4220000000	8.6160319874E-7	-26.9216868254
1.4210000000	8.6319109737E-7	-26.9244445528
1.4200000000	8.6480571821E-7	-26.9306772728
1.4190000000	8.6644540413E-7	-26.9230651058
1.4180000000	8.6800871186E-7	-26.9396602248
1.4170000000	8.6990991113E-7	-26.9490921666
1.4160000000	8.7212490373E-7	-26.9652460002
1.4150000000	8.7407694356E-7	-26.9643522472
1.4140000000	8.7623755769E-7	-26.9650345083
1.4130000000	8.7873826283E-7	-26.9757935397
1.4120000000	8.8082137956E-7	-26.9833167498
1.4110000000	8.8308774304E-7	-26.9974189441
1.4100000000	8.8564021576E-7	-27.0062993450
1.4090000000	8.8811277974E-7	-27.0050131522
1.4080000000	8.9071694293E-7	-27.0121271027
1.4070000000	8.9313841762E-7	-27.0209278176
1.4060000000	8.9548234510E-7	-27.0281187442
1.4050000000	8.9772250925E-7	-27.0385804652
1.4040000000	8.9983040763E-7	-27.0324877292
1.4030000000	9.0191472105E-7	-27.0479426879
1.4020000000	9.0415318190E-7	-27.0417591732
1.4010000000	9.0636611721E-7	-27.0488505260
1.4000000000	9.0842658895E-7	-27.0691062008
1.3990000000	9.1001530936E-7	-27.0797147669
1.3980000000	9.1142198943E-7	-27.0837842876
1.3970000000	9.1254111102E-7	-27.0848048492
1.3960000000	9.1394662038E-7	-27.0807251748
1.3950000000	9.1540734426E-7	-27.0994970261
1.3940000000	9.1634637735E-7	-27.1103306264
1.3930000000	9.1744195605E-7	-27.1324149197
1.3920000000	9.1851036438E-7	-27.1349911244
1.3910000000	9.1923781394E-7	-27.1280728414
1.3900000000	9.1983860163E-7	-27.1374553359
1.3890000000	9.2090876324E-7	-27.1561845313
1.3880000000	9.2179547628E-7	-27.1685701340
1.3870000000	9.2223973854E-7	-27.1747256302
1.3860000000	9.2312511707E-7	-27.1790264246
1.3850000000	9.2424515368E-7	-27.1798904210
1.3840000000	9.2505527999E-7	-27.1986872581
1.3830000000	9.2588910299E-7	-27.2045928202
1.3820000000	9.2693308481E-7	-27.2199342476
1.3810000000	9.2779287492E-7	-27.2209568853
1.3800000000	9.2880693930E-7	-27.2170127949
1.3790000000	9.2932985085E-7	-27.2246974774
1.3780000000	9.2985295181E-7	-27.2403377549
1.3770000000	9.3029845797E-7	-27.2544755913
1.3760000000	9.3085033726E-7	-27.2812930088
1.3750000000	9.3103084858E-7	-27.2715483582
1.3740000000	9.3152594983E-7	-27.2759869265
1.3730000000	9.3202194545E-7	-27.2803926025
1.3720000000	9.3215535985E-7	-27.2962897328
1.3710000000	9.3205520991E-7	-27.3155863664
1.3700000000	9.3145999054E-7	-27.3304819316
1.3690000000	9.3190144622E-7	-27.3284969127
1.3680000000	9.3231846347E-7	-27.3313712761
1.3670000000	9.3234509478E-7	-27.3345376766
1.3660000000	9.3198579513E-7	-27.3540540072
1.3650000000	9.3172734314E-7	-27.3622764462
1.3640000000	9.3136500980E-7	-27.3738124984
1.3630000000	9.3071209635E-7	-27.3663400472
1.3620000000	9.3050933200E-7	-27.3889595920
1.3610000000	9.3056504956E-7	-27.4033403082
1.3600000000	9.3067231116E-7	-27.4160750840
1.3590000000	9.3033775956E-7	-27.4307872700
1.3580000000	9.3007859944E-7	-27.4390739803
1.3570000000	9.3044268014E-7	-27.4354819728
1.3560000000	9.3039276016E-7	-27.4451965114
1.3550000000	9.2995291595E-7	-27.4551750344
1.3540000000	9.2980012569E-7	-27.4681924888
1.3530000000	9.2944021932E-7	-27.4877876319
1.3520000000	9.2910385421E-7	-27.4945483913
1.3510000000	9.2882107295E-7	-27.5076611033
1.3500000000	9.2856083723E-7	-27.5079528988
1.3490000000	9.2845921685E-7	-27.5192899622
1.3480000000	9.2807767241E-7	-27.5518239817
1.3470000000	9.2763365428E-7	-27.5458593895
1.3460000000	9.2750532414E-7	-27.5540355215
1.3450000000	9.2748345732E-7	-27.5669348986
1.3440000000	9.2722322663E-7	-27.5672437507
1.3430000000	9.2689073155E-7	-27.5901094592
1.3420000000	9.2645176191E-7	-27.6002492730
1.3410000000	9.2653285237E-7	-27.6098395770
1.3400000000	9.2658661807E-7	-27.6161956532
1.3390000000	9.2632639178E-7	-27.6165186430
1.3380000000	9.2627938167E-7	-27.6343068840
1.3370000000	9.2651960288E-7	-27.6549409645
1.3360000000	9.2636797161E-7	-27.6679560306
1.3350000000	9.2634311794E-7	-27.6728825093
1.3340000000	9.2623741804E-7	-27.6681391738
1.3330000000	9.2619155257E-7	-27.6859029916
1.3320000000	9.2614489078E-7	-27.7036973280
1.3310000000	9.2622626110E-7	-27.7132817355
1.3300000000	9.2638861412E-7	-27.7323907539
1.3290000000	9.2644573070E-7	-27.7468145092
1.3280000000	9.2602838529E-7	-27.7441090771
1.3270000000	9.2595453511E-7	-27.7586789334
1.3260000000	9.2603605406E-7	-27.7682604747
1.3250000000	9.2609519704E-7	-27.7907383291
1.3240000000	9.2609519704E-7	-27.7907383291
1.3230000000	9.2581679866E-7	-27.8120630150
1.3220000000	9.2605519367E-7	-27.8246390004
1.3210000000	9.2631539928E-7	-27.8242574519
1.3200000000	9.2632496537E-7	-27.8484264680
1.3190000000	9.2648171982E-7	-27.8514182802
1.3180000000	9.2654227395E-7	-27.8738510736
1.3170000000	9.2677447540E-7	-27.8703150981
1.3160000000	9.2649011960E-7	-27.8755569204
1.3150000000	9.2623937032E-7	-27.9000688382
1.3140000000	9.2627001770E-7	-27.9113142723
1.3130000000	9.2630023247E-7	-27.9225043085
1.3120000000	9.2606412826E-7	-27.9180623511
1.3110000000	9.2607075767E-7	-27.9341605661
1.3100000000	9.2581591671E-7	-27.9506499474
1.3090000000	9.2551080952E-7	-27.9688032500
1.3080000000	9.2517537701E-7	-27.9757673614
1.3070000000	9.2481186257E-7	-27.9795923624
1.3060000000	9.2460932927E-7	-27.9944005020
1.3050000000	9.2418857864E-7	-27.9837636646
1.3040000000	9.2352718288E-7	-28.0219424413
1.3030000000	9.2272934750E-7	-28.0442305992
1.3020000000	9.2187276465E-7	-28.0520281224
1.3010000000	9.2119501279E-7	-28.0498947056
1.3000000000	9.2013330286E-7	-28.0645897616
1.2990000000	9.1888741183E-7	-28.0731508165
1.2980000000	9.1785310728E-7	-28.0911038843
1.2970000000	9.1676118540E-7	-28.0945156582
1.2960000000	9.1520356157E-7	-28.1052695531
1.2950000000	9.1340915348E-7	-28.1115513484
1.2940000000	9.1179954673E-7	-28.1241214049
1.2930000000	9.1006390776E-7	-28.1451219398
1.2920000000	9.0801435830E-7	-28.1602072180
1.2910000000	9.0593203402E-7	-28.1638464095
1.2900000000	9.0372054425E-7	-28.1677881967
1.2890000000	9.0150858666E-7	-28.1716932967
1.2880000000	8.9915437429E-7	-28.2057781714
1.2870000000	8.9647698269E-7	-28.2173421189
1.2860000000	8.9374055171E-7	-28.2140560538
1.2850000000	8.9085079611E-7	-28.2160399463
1.2840000000	8.8765400694E-7	-28.2287450522
1.2830000000	8.8464179363E-7	-28.2479149090
1.2820000000	8.8118745826E-7	-28.2697575240
1.2810000000	8.7754130344E-7	-28.2683419012
1.2800000000	8.7371307709E-7	-28.2689416014
1.2790000000	8.6952600861E-7	-28.2823376042
1.2780000000	8.6526083186E-7	-28.2942123786
1.2770000000	8.6097172805E-7	-28.3115234338
1.2760000000	8.5652419671E-7	-28.3258325817
1.2750000000	8.5183738685E-7	-28.3267358814
1.2740000000	8.4689355599E-7	-28.3370231730
1.2730000000	8.4186667387E-7	-28.3369493331
1.2720000000	8.3656064464E-7	-28.3517769127
1.2710000000	8.3151480776E-7	-28.3661991015
1.2700000000	8.2659912637E-7	-28.3805735371
1.2690000000	8.2107584463E-7	-28.3763984472
1.2680000000	8.1578882891E-7	-28.3771740868
1.2670000000	8.1060933529E-7	-28.3832538425
1.2660000000	8.0559915473E-7	-28.4205013081
1.2650000000	8.0112061252E-7	-28.4233892461
1.2640000000	7.9654053648E-7	-28.4303448769
1.2630000000	7.9146265502E-7	-28.4328580401
1.2620000000	7.8711422068E-7	-28.4356239851
1.2610000000	7.8258854161E-7	-28.4502781883
1.2600000000	7.7804045328E-7	-28.4708583454
1.2590000000	7.7402648888E-7	-28.4653432527
1.2580000000	7.6980380418E-7	-28.4582863567
1.2570000000	7.6462443866E-7	-28.4652811927
1.2560000000	7.5897535430E-7	-28.4715931161
1.2550000000	7.5265610530E-7	-28.4955430432
1.2540000000	7.4643627002E-7	-28.5056246261
1.2530000000	7.3984865042E-7	-28.5108161471
1.2520000000	7.3223891402E-7	-28.5024741557
1.2510000000	7.2477344257E-7	-28.5245606194
1.2500000000	7.1695983498E-7	-28.5250403657
1.2490000000	7.0878826141E-7	-28.5413518832
1.2480000000	7.0110923392E-7	-28.5523282234
1.2470000000	6.9308694797E-7	-28.5517015513
1.2460000000	6.8449254805E-7	-28.5548183988
1.2450000000	6.7587453811E-7	-28.5647985844
1.2440000000	6.6684404757E-7	-28.5828936123
1.2430000000	6.5819874056E-7	-28.5889577865
1.2420000000	6.4939567289E-7	-28.5912153244
1.2410000000	6.4059212766E-7	-28.5934563756
1.2400000000	6.3142244147E-7	-28.5897912701
1.2390000000	6.2238655603E-7	-28.5976537693
1.2380000000	6.1345802371E-7	-28.6126213188
1.2370000000	6.0488680964E-7	-28.6095600738
1.2360000000	5.9610729826E-7	-28.6046297545
1.2350000000	5.8707143594E-7	-28.6131936059
1.2340000000	5.7818920804E-7	-28.6137180333
1.2330000000	5.6923293474E-7	-28.6249754649
1.2320000000	5.6037849741E-7	-28.6309086822
1.2310000000	5.5194292060E-7	-28.6408480766
1.2300000000	5.4339480406E-7	-28.6295871025
1.2290000000	5.3516578045E-7	-28.6418947250
1.2280000000	5.2753790396E-7	-28.6549265344
1.2270000000	5.2004101729E-7	-28.6678601329
1.2260000000	5.1308175836E-7	-28.6557159585
1.2250000000	5.0615506090E-7	-28.6636710530
1.2240000000	4.9951676890E-7	-28.6766357486
1.2230000000	4.9285018177E-7	-28.6839327631
1.2220000000	4.8641632381E-7	-28.6843499492
1.2210000000	4.8057657422E-7	-28.6696717146
1.2200000000	4.7466336826E-7	-28.6675963570
1.2190000000	4.6851702477E-7	-28.6729721346
1.2180000000	4.6250596607E-7	-28.6938943465
1.2170000000	4.5620171124E-7	-28.6938745905
1.2160000000	4.4987579073E-7	-28.7039311931
1.2150000000	4.4361759581E-7	-28.6837168931
1.2140000000	4.3703022212E-7	-28.6951900678
1.2130000000	4.3036453369E-7	-28.7037700457
1.2120000000	4.2362372291E-7	-28.7272859312
1.2110000000	4.1679483363E-7	-28.7125897618
1.2100000000	4.1036097829E-7	-28.7135335679
1.2090000000	4.0376878206E-7	-28.7080476556
1.2080000000	3.9702349806E-7	-28.7143126315
1.2070000000	3.9051091000E-7	-28.7119579651
1.2060000000	3.8421201712E-7	-28.7316884803
1.2050000000	3.7850225173E-7	-28.7131727270
1.2040000000	3.7271863533E-7	-28.7104725821
1.2030000000	3.6696288309E-7	-28.7156300252
1.2020000000	3.6126337217E-7	-28.7372249059
1.2010000000	3.5527005132E-7	-28.7318080804
1.2000000000	3.4948642945E-7	-28.7292368374
1.1990000000	3.4383328493E-7	-28.7256838460
1.1980000000	3.3817974539E-7	-28.7222420651
1.1970000000	3.3260446227E-7	-28.7224935337
1.1960000000	3.2700755601E-7	-28.7366186527
1.1950000000	3.2190204663E-7	-28.7385769776
1.1940000000	3.1674077596E-7	-28.7222000259
1.1930000000	3.1134731562E-7	-28.7165132314
1.1920000000	3.0598124454E-7	-28.7199871182
1.1910000000	3.0059315747E-7	-28.7389273023
1.1900000000	2.9548764856E-7	-28.7411005764
1.1890000000	2.9053558923E-7	-28.7267542346
1.1880000000	2.8527172675E-7	-28.7196512025
1.1870000000	2.8024582829E-7	-28.7261944498
1.1860000000	2.7511694976E-7	-28.7449730188
1.1850000000	2.7040159380E-7	-28.7444100515
1.1840000000	2.6586756807E-7	-28.7366500649
1.1830000000	2.6102173691E-7	-28.7371007762
1.1820000000	2.5622715966E-7	-28.7310292063
1.1810000000	2.5161979232E-7	-28.7470666705
1.1800000000	2.4721488296E-7	-28.7374222707
1.1790000000	2.4307101838E-7	-28.7254211075
1.1780000000	2.3905764276E-7	-28.7117234930
1.1770000000	2.3522476132E-7	-28.6895987483
1.1760000000	2.3173119714E-7	-28.6701908056
1.1750000000	2.2873523709E-7	-28.6651557069
1.1740000000	2.2615206789E-7	-28.6363205164
1.1730000000	2.2372261003E-7	-28.5853603833
1.1720000000	2.2150208713E-7	-28.5383706109
1.1710000000	2.1949085734E-7	-28.4952518894
1.1700000000	2.1753075079E-7	-28.4440576653
1.1690000000	2.1554739092E-7	-28.4128262501
1.1680000000	2.1348549952E-7	-28.3747186461
1.1670000000	2.1134512616E-7	-28.3294911172
1.1660000000	2.0873533578E-7	-28.2801552843
1.1650000000	2.0618064540E-7	-28.2579959584
1.1640000000	2.0338921978E-7	-28.2152701397
1.1630000000	2.0026368970E-7	-28.2036815036
1.1620000000	1.9708616912E-7	-28.1998284808
1.1610000000	1.9372306182E-7	-28.1666869440
1.1600000000	1.9030975748E-7	-28.1404658624
1.1590000000	1.8681698498E-7	-28.1060429463
1.1580000000	1.8327681466E-7	-28.1195084879
1.1570000000	1.7981153796E-7	-28.0997215851
1.1560000000	1.7642485269E-7	-28.0869674225
1.1550000000	1.7319260609E-7	-28.0464688234
1.1540000000	1.6985804033E-7	-28.0228023149
1.1530000000	1.6634162056E-7	-28.0087542000
1.1520000000	1.6282525815E-7	-27.9941303830
1.1510000000	1.5938743393E-7	-27.9875556767
1.1500000000	1.5600083442E-7	-27.9706966782
1.1490000000	1.5253661995E-7	-27.9438149401
1.1480000000	1.4920125972E-7	-27.9147236291
1.1470000000	1.4594535760E-7	-27.8936993757
1.1460000000	1.4281922777E-7	-27.8706001271
1.1450000000	1.3990227685E-7	-27.8551765011
1.1440000000	1.3693400523E-7	-27.8503920746
1.1430000000	1.3398897291E-7	-27.8120052332
1.1420000000	1.3107201663E-7	-27.7941998637
1.1410000000	1.2828482980E-7	-27.7744392688
1.1400000000	1.2547135939E-7	-27.7299882497
1.1390000000	1.2263287925E-7	-27.7204665692
1.1380000000	1.1984580007E-7	-27.6976420776
1.1370000000	1.1716232299E-7	-27.6471140539
1.1360000000	1.1453201917E-7	-27.6460555521
1.1350000000	1.1187574400E-7	-27.6183275585
1.1340000000	1.0911594464E-7	-27.6176083457
1.1330000000	1.0632917880E-7	-27.5890636424
1.1320000000	1.0380268003E-7	-27.5564903373
1.1310000000	1.0135477314E-7	-27.5363160275
1.1300000000	9.8879959352E-8	-27.4851823991
1.1290000000	9.6432100274E-8	-27.4621681059
1.1280000000	9.4166081839E-8	-27.4203491807
1.1270000000	9.2056975299E-8	-27.4075713450
1.1260000000	8.9791072247E-8	-27.3623936378
1.1250000000	8.7681942253E-8	-27.3475261366
1.1240000000	8.5624660003E-8	-27.3140732892
1.1230000000	8.3515596459E-8	-27.2973047543
1.1220000000	8.1510055016E-8	-27.2420713242
1.1210000000	7.9401024898E-8	-27.2225213243
1.1200000000	7.7473992831E-8	-27.1811253099
1.1190000000	7.5625347173E-8	-27.1567447096
1.1180000000	7.3828516632E-8	-27.1105448300
1.1170000000	7.2031690993E-8	-27.0619692380
1.1160000000	7.0234965193E-8	-27.0109809352
1.1150000000	6.8516562536E-8	-26.9786332384
1.1140000000	6.6901967820E-8	-26.8994503480
1.1130000000	6.5261645339E-8	-26.8850041769
1.1120000000	6.3673472741E-8	-26.8461423748
1.1110000000	6.2059106804E-8	-26.7573334126
1.1100000000	6.0627450019E-8	-26.7618317195
1.1090000000	5.9169516382E-8	-26.7162729585
1.1080000000	5.7685523793E-8	-26.6167551397
1.1070000000	5.6253770065E-8	-26.6180710935
1.1060000000	5.4796053265E-8	-26.5650044156
1.1050000000	5.3390383935E-8	-26.4812080155
1.1040000000	5.1932752282E-8	-26.4215219103
1.1030000000	5.0527381326E-8	-26.3289353820
1.1020000000	4.9147811870E-8	-26.2919644569
1.1010000000	4.7872774899E-8	-26.1911829823
1.1000000000	4.6571188214E-8	-26.1807338381
1.0990000000	4.5321934236E-8	-26.1371786974
1.0980000000	4.4072662103E-8	-26.0913283473
1.0970000000	4.2797945620E-8	-25.9726195370
1.0960000000	4.1601183897E-8	-25.8838156328
1.0950000000	4.0352042881E-8	-25.8257664239
1.0940000000	3.9155502053E-8	-25.7270591247
1.0930000000	3.7958951352E-8	-25.6220584390
1.0920000000	3.6787729240E-8	-25.5919635885
1.0910000000	3.5643996051E-8	-25.4351276608
1.0900000000	3.4525340133E-8	-25.3553088039
1.0890000000	3.3536952184E-8	-25.2750959870
1.0880000000	3.2573399993E-8	-25.2828826876
1.0870000000	3.1767848365E-8	-25.1563708888
1.0860000000	3.1039869722E-8	-25.0753488669
1.0850000000	3.0442004097E-8	-24.9969953525
1.0840000000	2.9998987651E-8	-25.0235625990
1.0830000000	2.9531290991E-8	-24.9487123654
1.0820000000	2.9193819633E-8	-24.8789192781
1.0810000000	2.8880859946E-8	-24.9123005196
1.0800000000	2.8620558092E-8	-24.8971750811
1.0790000000	2.8413199327E-8	-24.8324905666
1.0780000000	2.8153041103E-8	-24.8164752724
1.0770000000	2.8022962827E-8	-24.8083561141
1.0760000000	2.7868432082E-8	-24.6916268702
1.0750000000	2.7709891884E-8	-24.8424377521
1.0740000000	2.7579811818E-8	-24.8343105869
1.0730000000	2.7425346999E-8	-24.7157540241
1.0720000000	2.7372489329E-8	-24.7666905195
1.0710000000	2.7242414577E-8	-24.7581010197
1.0700000000	2.7112340444E-8	-24.7494291018
1.0690000000	2.7035003181E-8	-24.6889487132
1.0680000000	2.6929287339E-8	-24.7923931098
1.0670000000	2.6852061404E-8	-24.7317286886
1.0660000000	2.6774865744E-8	-24.6707143907
1.0650000000	2.6644798058E-8	-24.6614637114
1.0640000000	2.6539059458E-8	-24.7663196050
1.0630000000	2.6384664799E-8	-24.6426887374
1.0620000000	2.6254599249E-8	-24.6331617326
1.0610000000	2.6124443524E-8	-24.6236312445
1.0600000000	2.5965822799E-8	-24.7841562694
1.0590000000	2.5811411683E-8	-24.6578863851
1.0580000000	2.5628459344E-8	-24.7024870972
1.0570000000	2.5421213802E-8	-24.6286016704
1.0560000000	2.5291016780E-8	-24.6185277154
1.0550000000	2.5108050841E-8	-24.6637660419
1.0540000000	2.4847917319E-8	-24.6438540117
1.0530000000	2.4640706385E-8	-24.5671350677
1.0520000000	2.4404732017E-8	-24.6701979554
1.0510000000	2.4250439102E-8	-24.5350745678
1.0500000000	2.4014531502E-8	-24.6393978963
1.0490000000	2.3831560740E-8	-24.6871539992
1.0480000000	2.3624226417E-8	-24.6075711422
1.0470000000	2.3417033607E-8	-24.5264998748
1.0460000000	2.3234032286E-8	-24.5746398104
1.0450000000	2.3051047626E-8	-24.6235440734
1.0440000000	2.2867989159E-8	-24.6733355297
1.0430000000	2.2737921334E-8	-24.6625103733
1.0420000000	2.2530693320E-8	-24.5787320303
1.0410000000	2.2400628656E-8	-24.5671713206
1.0400000000	2.2217641728E-8	-24.6178485179
1.0390000000	2.2063404040E-8	-24.4689411994
1.0380000000	2.1880292562E-8	-24.5196865755
1.0370000000	2.1774443246E-8	-24.6467975817
1.0360000000	2.1567229593E-8	-24.5591497969
1.0350000000	2.1437166512E-8	-24.5469506979
1.0340000000	2.1307104415E-8	-24.5346026677
1.0330000000	2.1124015767E-8	-24.5877339901
1.0320000000	2.0993954580E-8	-24.5754792566
1.0310000000	2.0863890209E-8	-24.5630467603
1.0300000000	2.0733826832E-8	-24.5504582852
1.0290000000	2.0603764469E-8	-24.5377108787
1.0280000000	2.0526670789E-8	-24.4573948466
1.0270000000	2.0396616097E-8	-24.4439245578
1.0260000000	2.0319474783E-8	-24.3625247439
1.0250000000	2.0213496806E-8	-24.4986277373
1.0240000000	2.0160550927E-8	-24.5672156298
1.0230000000	2.0083438683E-8	-24.4852144126
1.0220000000	2.0006367894E-8	-24.4025812363
1.0210000000	1.9929343157E-8	-24.3193353134
1.0200000000	1.9823329945E-8	-24.4578860586
1.0190000000	1.9770367158E-8	-24.5277184325
1.0180000000	1.9587367782E-8	-24.5848321750
1.0170000000	1.9510247274E-8	-24.5004914931
1.0160000000	1.9303031347E-8	-24.4011154862
1.0150000000	1.9226004006E-8	-24.3147911873
1.0140000000	1.9067027081E-8	-24.5308232106
1.0130000000	1.8912885665E-8	-24.3563733512
1.0120000000	1.8782843860E-8	-24.3410740551
1.0110000000	1.8652799293E-8	-24.3255334460
1.0100000000	1.8469640995E-8	-24.3842275718
1.0090000000	1.8339592640E-8	-24.3687275616
1.0080000000	1.8209549770E-8	-24.3530348227
1.0070000000	1.8026491963E-8	-24.4133202102
1.0060000000	1.7896428712E-8	-24.3975603312
1.0050000000	1.7766288138E-8	-24.3817909562
1.0040000000	1.7636244148E-8	-24.3656844150
1.0030000000	1.7506197449E-8	-24.3493087641
1.0020000000	1.7400217553E-8	-24.5073364947
1.0010000000	1.7246108439E-8	-24.3158165720
1.0000000000	1.7193088084E-8	-24.3956789590
