1.8000000000	0.0000000000	NaN
1.7980000000	0.0000000000	NaN
1.7960000000	0.0000000000	NaN
1.7940000000	3.8147300000E-6	-0.0000000000
1.7920000000	0.0000000000	NaN
1.7900000000	0.0000000000	NaN
1.7880000000	0.0000000000	NaN
1.7860000000	3.8147300000E-6	90.0000000000
1.7840000000	3.8147300000E-6	90.0000000000
1.7820000000	0.0000000000	NaN
1.7800000000	0.0000000000	NaN
1.7780000000	0.0000000000	NaN
1.7760000000	5.3948429028E-6	-45.0000000000
1.7740000000	3.8147300000E-6	0.0000000000
1.7720000000	3.8147300000E-6	0.0000000000
1.7700000000	0.0000000000	NaN
1.7680000000	0.0000000000	NaN
1.7660000000	0.0000000000	NaN
1.7640000000	0.0000000000	NaN
1.7620000000	0.0000000000	NaN
1.7600000000	0.0000000000	NaN
1.7580000000	3.8147300000E-6	0.0000000000
1.7560000000	7.6294500000E-6	0.0000000000
1.7540000000	3.8147300000E-6	0.0000000000
1.7520000000	0.0000000000	NaN
1.7500000000	0.0000000000	NaN
1.7480000000	3.8147300000E-6	0.0000000000
1.7460000000	3.8147300000E-6	0.0000000000
1.7440000000	3.8147300000E-6	0.0000000000
1.7420000000	3.8147300000E-6	0.0000000000
1.7400000000	3.8147300000E-6	0.0000000000
1.7380000000	0.0000000000	NaN
1.7360000000	0.0000000000	NaN
1.7340000000	3.8147300000E-6	-90.0000000000
1.7320000000	5.3948429028E-6	-45.0000000000
1.7300000000	5.3948429028E-6	-45.0000000000
1.7280000000	3.8147300000E-6	0.0000000000
1.7260000000	7.6294500000E-6	0.0000000000
1.7240000000	7.6294500000E-6	0.0000000000
1.7220000000	1.1444200000E-5	0.0000000000
1.7200000000	1.5258900000E-5	0.0000000000
1.7180000000	1.5258900000E-5	0.0000000000
1.7160000000	1.1444200000E-5	0.0000000000
1.7140000000	1.1444200000E-5	0.0000000000
1.7120000000	7.6294500000E-6	0.0000000000
1.7100000000	3.8147300000E-6	0.0000000000
1.7080000000	7.6294500000E-6	0.0000000000
1.7060000000	7.6294500000E-6	0.0000000000
1.7040000000	1.1444200000E-5	0.0000000000
1.7020000000	1.5258900000E-5	0.0000000000
1.7000000000	1.5258900000E-5	0.0000000000
1.6980000000	1.5258900000E-5	0.0000000000
1.6960000000	1.5258900000E-5	0.0000000000
1.6940000000	1.9073600000E-5	0.0000000000
1.6920000000	1.9073600000E-5	0.0000000000
1.6900000000	1.9073600000E-5	0.0000000000
1.6880000000	1.9073600000E-5	0.0000000000
1.6860000000	1.9451333680E-5	11.3099613580
1.6840000000	2.0542899607E-5	21.8014353823
1.6820000000	1.9451333680E-5	11.3099613580
1.6800000000	1.9073600000E-5	0.0000000000
1.6780000000	1.9073600000E-5	0.0000000000
1.6760000000	2.2888300000E-5	0.0000000000
1.6740000000	2.2888300000E-5	0.0000000000
1.6720000000	1.5728515320E-5	14.0362611381
1.6700000000	1.9073600000E-5	0.0000000000
1.6680000000	1.9451333680E-5	11.3099613580
1.6660000000	1.9451333680E-5	11.3099613580
1.6640000000	2.3204017796E-5	9.4623546830
1.6620000000	1.9451333680E-5	11.3099613580
1.6600000000	1.9451333680E-5	11.3099613580
1.6580000000	2.4126391860E-5	18.4349863721
1.6560000000	2.3204017796E-5	9.4623546830
1.6540000000	2.2888300000E-5	0.0000000000
1.6520000000	2.2888300000E-5	0.0000000000
1.6500000000	2.6974105620E-5	-8.1301353974
1.6480000000	3.0755296809E-5	-7.1250255918
1.6460000000	3.0517800000E-5	0.0000000000
1.6440000000	2.6703000000E-5	0.0000000000
1.6420000000	2.6703000000E-5	0.0000000000
1.6400000000	2.6703000000E-5	0.0000000000
1.6380000000	2.6974105620E-5	-8.1301353974
1.6360000000	2.6974105620E-5	-8.1301353974
1.6340000000	3.0517800000E-5	0.0000000000
1.6320000000	3.4332500000E-5	0.0000000000
1.6300000000	3.0755296809E-5	7.1250255918
1.6280000000	3.4332500000E-5	0.0000000000
1.6260000000	3.4332500000E-5	0.0000000000
1.6240000000	3.4332500000E-5	0.0000000000
1.6220000000	3.4332500000E-5	0.0000000000
1.6200000000	3.4332500000E-5	0.0000000000
1.6180000000	3.8147200000E-5	0.0000000000
1.6160000000	4.1961900000E-5	0.0000000000
1.6140000000	4.1961900000E-5	0.0000000000
1.6120000000	4.1961900000E-5	0.0000000000
1.6100000000	4.1961900000E-5	0.0000000000
1.6080000000	4.1961900000E-5	0.0000000000
1.6060000000	4.1961900000E-5	0.0000000000
1.6040000000	4.2134940567E-5	-5.1944449123
1.6020000000	4.1961900000E-5	0.0000000000
1.6000000000	4.1961900000E-5	0.0000000000
1.5980000000	4.2134940567E-5	5.1944449123
1.5960000000	4.5776600000E-5	0.0000000000
1.5940000000	4.5776600000E-5	0.0000000000
1.5920000000	4.9591300000E-5	0.0000000000
1.5900000000	4.9591300000E-5	0.0000000000
1.5880000000	4.9591300000E-5	0.0000000000
1.5860000000	4.9591300000E-5	0.0000000000
1.5840000000	4.9591300000E-5	0.0000000000
1.5820000000	4.9591300000E-5	0.0000000000
1.5800000000	4.5776600000E-5	0.0000000000
1.5780000000	4.9737804542E-5	-4.3987221417
1.5760000000	4.9591300000E-5	0.0000000000
1.5740000000	4.9591300000E-5	0.0000000000
1.5720000000	4.9591300000E-5	0.0000000000
1.5700000000	5.3406000000E-5	0.0000000000
1.5680000000	5.3406000000E-5	0.0000000000
1.5660000000	4.9591300000E-5	0.0000000000
1.5640000000	4.9737804542E-5	4.3987221417
1.5620000000	5.3542067582E-5	4.0856335532
1.5600000000	5.7220700000E-5	0.0000000000
1.5580000000	5.7220700000E-5	0.0000000000
1.5560000000	6.1035600000E-5	0.0000000000
1.5540000000	5.7347717247E-5	-3.8140914490
1.5520000000	6.1035600000E-5	0.0000000000
1.5500000000	6.1035600000E-5	0.0000000000
1.5480000000	6.1035600000E-5	0.0000000000
1.5460000000	5.7220700000E-5	0.0000000000
1.5440000000	6.1154694279E-5	3.5763390504
1.5420000000	6.4962401242E-5	3.3664663605
1.5400000000	6.4850300000E-5	0.0000000000
1.5380000000	6.1035600000E-5	0.0000000000
1.5360000000	6.1035600000E-5	0.0000000000
1.5340000000	6.1035600000E-5	0.0000000000
1.5320000000	6.4850300000E-5	0.0000000000
1.5300000000	6.4850300000E-5	0.0000000000
1.5280000000	6.8665000000E-5	0.0000000000
1.5260000000	6.8665000000E-5	0.0000000000
1.5240000000	6.4850300000E-5	0.0000000000
1.5220000000	6.1035600000E-5	0.0000000000
1.5200000000	6.8665000000E-5	0.0000000000
1.5180000000	7.2479700000E-5	0.0000000000
1.5160000000	7.2479700000E-5	0.0000000000
1.5140000000	6.8665000000E-5	0.0000000000
1.5120000000	6.8665000000E-5	0.0000000000
1.5100000000	6.8665000000E-5	0.0000000000
1.5080000000	6.8665000000E-5	0.0000000000
1.5060000000	7.2479700000E-5	0.0000000000
1.5040000000	7.2479700000E-5	0.0000000000
1.5020000000	7.6294400000E-5	0.0000000000
1.5000000000	7.6294400000E-5	0.0000000000
1.4980000000	8.0109100000E-5	0.0000000000
1.4960000000	8.0109100000E-5	0.0000000000
1.4940000000	7.6294400000E-5	0.0000000000
1.4920000000	7.6389708969E-5	-2.8624127172
1.4900000000	7.6389708969E-5	-2.8624127172
1.4880000000	8.0109100000E-5	0.0000000000
1.4860000000	8.3923800000E-5	0.0000000000
1.4840000000	8.7821390032E-5	-2.4895611403
1.4820000000	9.1632639355E-5	-2.3859523602
1.4800000000	9.1632639355E-5	-2.3859523602
1.4780000000	9.1553200000E-5	0.0000000000
1.4760000000	8.7738500000E-5	0.0000000000
1.4740000000	9.1632639355E-5	-2.3859523602
1.4720000000	9.9255933363E-5	-2.2026065923
1.4700000000	0.0001030676	-2.1211110049
1.4680000000	0.0001030676	-2.1211110049
1.4660000000	0.0001108898	-3.9451871178
1.4640000000	0.0001188085	-5.5275742169
1.4620000000	0.0001302049	-5.0424484907
1.4600000000	0.0001299252	-3.3664515999
1.4580000000	0.0001373830	-1.5911435137
1.4560000000	0.0001488229	-1.4688053525
1.4540000000	0.0001568221	-4.1849179026
1.4520000000	0.0001609430	-5.4403472194
1.4500000000	0.0001682377	-3.9004999201
1.4480000000	0.0001758498	-3.7314125489
1.4460000000	0.0001875428	-4.6668714212
1.4440000000	0.0001989510	-4.3987208164
1.4420000000	0.0002101209	-3.1221502640
1.4400000000	0.0002179737	-4.0141816757
1.4380000000	0.0002334774	-4.6859182834
1.4360000000	0.0002486895	-4.3987018210
1.4340000000	0.0002636579	-3.3177814828
1.4320000000	0.0002788927	-3.1363575253
1.4300000000	0.0002908211	-4.5139801884
1.4280000000	0.0003139447	-4.8792671303
1.4260000000	0.0003367554	-4.5480404818
1.4240000000	0.0003557725	-4.3044620533
1.4220000000	0.0003785999	-4.0444825245
1.4200000000	0.0003976276	-3.8506415887
1.4180000000	0.0004245313	-4.1223121220
1.4160000000	0.0004547357	-3.3664606634
1.4140000000	0.0004816218	-3.6329609159
1.4120000000	0.0005123247	-3.8424514625
1.4100000000	0.0005465843	-3.6012799462
1.4080000000	0.0005925113	-3.6913834961
1.4060000000	0.0006351819	-4.4778778403
1.4040000000	0.0006849203	-4.4721226097
1.4020000000	0.0007381745	-4.1489028955
1.4000000000	0.0007955216	-4.1247633597
1.3980000000	0.0008683649	-4.2828895087
1.3960000000	0.0009447327	-4.1680435069
1.3940000000	0.0010289923	-4.2520845030
1.3920000000	0.0011322745	-4.2506417543
1.3900000000	0.0012431558	-4.2234168766
1.3880000000	0.0013882875	-4.0968386184
1.3860000000	0.0015603267	-4.0656759632
1.3840000000	0.0017481381	-4.2549009955
1.3820000000	0.0019508930	-4.2612284129
1.3800000000	0.0021612668	-4.2513233683
1.3780000000	0.0023719160	-4.3350956534
1.3760000000	0.0025784700	-4.3271775062
1.3740000000	0.0027777167	-4.4107634630
1.3720000000	0.0029725628	-4.3423135220
1.3700000000	0.0031486950	-4.3774095696
1.3680000000	0.0033128325	-4.2924560651
1.3660000000	0.0034661387	-4.3551917698
1.3640000000	0.0036235425	-4.4681063826
1.3620000000	0.0037765604	-4.4608669240
1.3600000000	0.0039369014	-4.3901876010
1.3580000000	0.0041048462	-4.3170191472
1.3560000000	0.0042882988	-4.2853261425
1.3540000000	0.0044720274	-4.3049861783
1.3520000000	0.0046674623	-4.3591974580
1.3500000000	0.0048740162	-4.3539871701
1.3480000000	0.0051036940	-4.3724209779
1.3460000000	0.0053599842	-4.3674214986
1.3440000000	0.0056543148	-4.3334802475
1.3420000000	0.0059679601	-4.3256673288
1.3400000000	0.0063161153	-4.3296995758
1.3380000000	0.0066947139	-4.3135851597
1.3360000000	0.0070890948	-4.3514258879
1.3340000000	0.0074872872	-4.3830429963
1.3320000000	0.0078779043	-4.4157258578
1.3300000000	0.0082641071	-4.3946369850
1.3280000000	0.0086582003	-4.3967629982
1.3260000000	0.0090561024	-4.3968502814
1.3240000000	0.0094613205	-4.3703529818
1.3220000000	0.0098627314	-4.3477080560
1.3200000000	0.0102647323	-4.3693035138
1.3180000000	0.0106515292	-4.3955439143
1.3160000000	0.0110380349	-4.4002066393
1.3140000000	0.0114209458	-4.4251337424
1.3120000000	0.0118150292	-4.4256733908
1.3100000000	0.0122092123	-4.4261466639
1.3080000000	0.0126067906	-4.4080056289
1.3060000000	0.0130119480	-4.3884248424
1.3040000000	0.0134250753	-4.3837399777
1.3020000000	0.0138575382	-4.3890239387
1.3000000000	0.0143207043	-4.3998775427
1.2980000000	0.0147952372	-4.4066564073
1.2960000000	0.0152764714	-4.3680037097
1.2940000000	0.0157548919	-4.3742494748
1.2920000000	0.0162183490	-4.3976757394
1.2900000000	0.0166928818	-4.4037465748
1.2880000000	0.0171823766	-4.3928589195
1.2860000000	0.0177025739	-4.3873262955
1.2840000000	0.0182728105	-4.3941120404
1.2820000000	0.0188962904	-4.3880637377
1.2800000000	0.0195197698	-4.3823725453
1.2780000000	0.0201622944	-4.3729196097
1.2760000000	0.0208088988	-4.3737145266
1.2740000000	0.0214478256	-4.3760304840
1.2720000000	0.0221020078	-4.3751846031
1.2700000000	0.0227758171	-4.3898609460
1.2680000000	0.0234645907	-4.3915494885
1.2660000000	0.0241798862	-4.3883136198
1.2640000000	0.0249104363	-4.3825499637
1.2620000000	0.0256447763	-4.3764890521
1.2600000000	0.0263753277	-4.3713946903
1.2580000000	0.0270792568	-4.3708761853
1.2560000000	0.0277870738	-4.3697505929
1.2540000000	0.0285217045	-4.3722620391
1.2520000000	0.0292639132	-4.3735123432
1.2500000000	0.0299986438	-4.3757934564
1.2480000000	0.0306873175	-4.3774145634
1.2460000000	0.0313072998	-4.3815796684
1.2440000000	0.0318855051	-4.3913403793
1.2420000000	0.0324672081	-4.3935350449
1.2400000000	0.0330453148	-4.4027572738
1.2380000000	0.0336228363	-4.3986988202
1.2360000000	0.0341737365	-4.3982077134
1.2340000000	0.0346936418	-4.3890308682
1.2320000000	0.0351681743	-4.3920290907
1.2300000000	0.0356120039	-4.3925799680
1.2280000000	0.0360336869	-4.4080066457
1.2260000000	0.0364432184	-4.4125071380
1.2240000000	0.0368256419	-4.4082588754
1.2220000000	0.0372267173	-4.3960056917
1.2200000000	0.0376389691	-4.3768775954
1.2180000000	0.0380515154	-4.3638992778
1.2160000000	0.0384605639	-4.3572883593
1.2140000000	0.0388774809	-4.3555803867
1.2120000000	0.0393213101	-4.3564907036
1.2100000000	0.0398342206	-4.3608159274
1.2080000000	0.0404579920	-4.3638982661
1.2060000000	0.0411770763	-4.3620622392
1.2040000000	0.0419310423	-4.3671248318
1.2020000000	0.0426273927	-4.3676304146
1.2000000000	0.0432008367	-4.3602867552
1.1980000000	0.0436481654	-4.3556929270
1.1960000000	0.0439998903	-4.3507005609
1.1940000000	0.0442564896	-4.3551333381
1.1920000000	0.0444405101	-4.3617351890
1.1900000000	0.0445817818	-4.3577213093
1.1880000000	0.0447348099	-4.3574803670
1.1860000000	0.0449723657	-4.3636654637
1.1840000000	0.0453012563	-4.3609583350
1.1820000000	0.0457061263	-4.3510187145
1.1800000000	0.0461836792	-4.3391736786
1.1780000000	0.0467340027	-4.3301886948
1.1760000000	0.0473503829	-4.3385264123
1.1740000000	0.0479867770	-4.3585323461
1.1720000000	0.0485388394	-4.3766034379
1.1700000000	0.0489647921	-4.3966537654
1.1680000000	0.0492173130	-4.3963169715
1.1660000000	0.0493095206	-4.4014118809
1.1640000000	0.0492798915	-4.4174154210
1.1620000000	0.0491834072	-4.4038168920
1.1600000000	0.0490760434	-4.4000628175
1.1580000000	0.0489572144	-4.3973356217
1.1560000000	0.0488343042	-4.3904680703
1.1540000000	0.0487038169	-4.3842492296
1.1520000000	0.0485689593	-4.3693644876
1.1500000000	0.0484168042	-4.3831224990
1.1480000000	0.0482643600	-4.3924576238
1.1460000000	0.0481447561	-4.3760702058
1.1440000000	0.0480715941	-4.3690563462
1.1420000000	0.0480558575	-4.3613663139
1.1400000000	0.0480827707	-4.3634855768
1.1380000000	0.0481088137	-4.3520055156
1.1360000000	0.0481123138	-4.3471379629
1.1340000000	0.0480947186	-4.3715156473
1.1320000000	0.0480683871	-4.3784696585
1.1300000000	0.0480791720	-4.3683663872
1.1280000000	0.0481812941	-4.3499899032
1.1260000000	0.0483487121	-4.3348982527
1.1240000000	0.0485125325	-4.3247565121
1.1220000000	0.0486155267	-4.3200799876
1.1200000000	0.0486269940	-4.3190592817
1.1180000000	0.0485967690	-4.3262673000
1.1160000000	0.0485739343	-4.3283049650
1.1140000000	0.0485997955	-4.3124601674
1.1120000000	0.0486609101	-4.3115444107
1.1100000000	0.0487065806	-4.3074939843
1.1080000000	0.0486910370	-4.3043638590
1.1060000000	0.0485953341	-4.3038470968
1.1040000000	0.0484379438	-4.2952250981
1.1020000000	0.0482662546	-4.3014495606
1.1000000000	0.0481065074	-4.3157604125
1.0980000000	0.0479575553	-4.3200485973
1.0960000000	0.0477966610	-4.3162735796
1.0940000000	0.0475854478	-4.3032284028
1.0920000000	0.0473589799	-4.2914515787
1.0900000000	0.0471629291	-4.2767965860
1.0880000000	0.0470135054	-4.2717654851
1.0860000000	0.0468674877	-4.2617087437
1.0840000000	0.0467103863	-4.2572986054
1.0820000000	0.0465272262	-4.2646793403
1.0800000000	0.0463332670	-4.2825652891
1.0780000000	0.0461386411	-4.2911625350
1.0760000000	0.0459549126	-4.2892714414
1.0740000000	0.0458088924	-4.2790381010
1.0720000000	0.0457662563	-4.2686699482
1.0700000000	0.0459031766	-4.2559138299
1.0680000000	0.0462010890	-4.2473973006
1.0660000000	0.0465038226	-4.2574028342
1.0640000000	0.0466267182	-4.2649521308
1.0620000000	0.0464853426	-4.2685289664
1.0600000000	0.0461831746	-4.2680321599
1.0580000000	0.0458695385	-4.2685977372
1.0560000000	0.0456014758	-4.2648966650
1.0540000000	0.0453873324	-4.2657389360
1.0520000000	0.0451685499	-4.2524765154
1.0500000000	0.0449274974	-4.2509476011
1.0480000000	0.0446720364	-4.2654887229
1.0460000000	0.0444233042	-4.2647388664
1.0440000000	0.0441933362	-4.2572134919
1.0420000000	0.0439982408	-4.2562115549
1.0400000000	0.0438185855	-4.2586810467
1.0380000000	0.0436155279	-4.2534237204
1.0360000000	0.0433852791	-4.2406804762
1.0340000000	0.0431597667	-4.2425651557
1.0320000000	0.0429567094	-4.2371377172
1.0300000000	0.0427612326	-4.2309206726
1.0280000000	0.0425424565	-4.2166605212
1.0260000000	0.0422707066	-4.2127072124
1.0240000000	0.0419461627	-4.2244598733
1.0220000000	0.0416058989	-4.2274634818
1.0200000000	0.0412952106	-4.2115654831
1.0180000000	0.0410304814	-4.1960536220
1.0160000000	0.0408083794	-4.1920851991
1.0140000000	0.0405907242	-4.1983985853
1.0120000000	0.0403344140	-4.1979635263
1.0100000000	0.0400363163	-4.2019118910
1.0080000000	0.0397152800	-4.2083386600
1.0060000000	0.0393908352	-4.2208070621
1.0040000000	0.0390693392	-4.2163400180
1.0020000000	0.0387433943	-4.2009692598
1.0000000000	0.0384175519	-4.1853267980
0.9980000000	0.0381071493	-4.1734684536
0.9960000000	0.0378502848	-4.1613167550
0.9940000000	0.0376507478	-4.1484839877
0.9920000000	0.0375240742	-4.1391511826
0.9900000000	0.0374551025	-4.1350842420
0.9880000000	0.0374167273	-4.1334832061
0.9860000000	0.0373944380	-4.1476725980
0.9840000000	0.0373564378	-4.1518991343
0.9820000000	0.0372950456	-4.1469929800
0.9800000000	0.0372259738	-4.1429266666
0.9780000000	0.0371721623	-4.1371431747
0.9760000000	0.0371452564	-4.1342374526
0.9740000000	0.0371297216	-4.1300755597
0.9720000000	0.0371256565	-4.1246178569
0.9700000000	0.0370952356	-4.1280062224
0.9680000000	0.0370035991	-4.1323319565
0.9660000000	0.0368275555	-4.1283165458
0.9640000000	0.0365907463	-4.1371207324
0.9620000000	0.0363494215	-4.1284604434
0.9600000000	0.0361271482	-4.1175082416
0.9580000000	0.0359398088	-4.1207071483
0.9560000000	0.0357824436	-4.1082462110
0.9540000000	0.0356055843	-4.0856121940
0.9520000000	0.0353601038	-4.0706504604
0.9500000000	0.0350315771	-4.0776043232
0.9480000000	0.0346383168	-4.0923531349
0.9460000000	0.0342257343	-4.1033524549
0.9440000000	0.0338397844	-4.1113765027
0.9420000000	0.0335068244	-4.1065277782
0.9400000000	0.0332042866	-4.0978174063
0.9380000000	0.0328825256	-4.0846683228
0.9360000000	0.0325037110	-4.0784179361
0.9340000000	0.0320677417	-4.0792900757
0.9320000000	0.0316051408	-4.0836483646
0.9300000000	0.0311957040	-4.0811388764
0.9280000000	0.0308704261	-4.0745328301
0.9260000000	0.0304683992	-4.0636467437
0.9240000000	0.0298599105	-4.0512013443
0.9220000000	0.0292513235	-4.0382519606
0.9200000000	0.0289793166	-4.0232983384
0.9180000000	0.0291092323	-4.0203678722
0.9160000000	0.0293540687	-4.0240939343
0.9140000000	0.0293470240	-4.0399949334
0.9120000000	0.0289384964	-4.0592718264
0.9100000000	0.0281627999	-4.0778939245
0.9080000000	0.0273020608	-4.0702134138
0.9060000000	0.0264910688	-4.0626966104
0.9040000000	0.0255267800	-4.0447357029
0.9020000000	0.0241575858	-4.0385456319
0.9000000000	0.0222069769	-4.0288117571
0.8980000000	0.0197937648	-4.0226822768
0.8960000000	0.0176059021	-4.0006992855
0.8940000000	0.0163355721	-3.9636036280
0.8920000000	0.0160289952	-3.9301793568
0.8900000000	0.0163040955	-3.9175140488
0.8880000000	0.0168321333	-3.9375911541
0.8860000000	0.0175086214	-3.9228490779
0.8840000000	0.0182084785	-3.9282443054
0.8820000000	0.0188435891	-3.9467761453
0.8800000000	0.0193450940	-3.9688986456
0.8780000000	0.0197394292	-3.9893710406
0.8760000000	0.0200188471	-3.9992707247
0.8740000000	0.0201910938	-4.0085068174
0.8720000000	0.0202717984	-4.0249355877
0.8700000000	0.0202984327	-4.0196456514
0.8680000000	0.0202789455	-4.0019040597
0.8660000000	0.0202134065	-3.9823945782
0.8640000000	0.0201141810	-3.9911642183
0.8620000000	0.0200111659	-4.0008083355
0.8600000000	0.0199228814	-3.9855569206
0.8580000000	0.0198386541	-3.9804158997
0.8560000000	0.0197545924	-3.9863039332
0.8540000000	0.0196746869	-4.0025199681
0.8520000000	0.0196016653	-3.9839047241
0.8500000000	0.0195252851	-3.9883070990
0.8480000000	0.0194187451	-4.0102244424
0.8460000000	0.0192738340	-4.0290413477
0.8440000000	0.0191089009	-4.0065538265
0.8420000000	0.0189403454	-3.9959920077
0.8400000000	0.0187982617	-3.9679789505
0.8380000000	0.0186949806	-3.9664949347
0.8360000000	0.0185990184	-3.9516666127
0.8340000000	0.0185033194	-3.9484543640
0.8320000000	0.0184003012	-3.9586725994
0.8300000000	0.0182861758	-3.9834187211
0.8280000000	0.0181484129	-3.9775009945
0.8260000000	0.0180255497	-3.9560334237
0.8240000000	0.0179067420	-3.9455989998
0.8220000000	0.0177880353	-3.9350352208
0.8200000000	0.0176502740	-3.9285728415
0.8180000000	0.0174781930	-3.9296892267
0.8160000000	0.0172640494	-3.9277456353
0.8140000000	0.0170158492	-3.9465160174
0.8120000000	0.0167524872	-3.9694375349
0.8100000000	0.0164923888	-3.9656944509
0.8080000000	0.0162667724	-3.9669070528
0.8060000000	0.0160676291	-3.9479868117
0.8040000000	0.0158833909	-3.9110876564
0.8020000000	0.0157143247	-3.8695787566
0.8000000000	0.0155536181	-3.8673832936
0.7980000000	0.0154047423	-3.8763722149
0.7960000000	0.0152824058	-3.8787787332
0.7940000000	0.0151680107	-3.8936519127
0.7920000000	0.0150421426	-3.9116991336
0.7900000000	0.0148815354	-3.9098331146
0.7880000000	0.0147021332	-3.9278128049
0.7860000000	0.0145985916	-3.9106826357
0.7840000000	0.0146863478	-3.9021967825
0.7820000000	0.0147285099	-3.9058726172
0.7800000000	0.0145290148	-3.8691293596
0.7780000000	0.0141958140	-3.8366121899
0.7760000000	0.0138632262	-3.8339858134
0.7740000000	0.0135533875	-3.8247900897
0.7720000000	0.0132669074	-3.8414579439
0.7700000000	0.0130068125	-3.8341833447
0.7680000000	0.0127654218	-3.8038356809
0.7660000000	0.0125436969	-3.8013196922
0.7640000000	0.0123298084	-3.8140624699
0.7620000000	0.0121117751	-3.8104796859
0.7600000000	0.0118865125	-3.8275143443
0.7580000000	0.0116491675	-3.8115899779
0.7560000000	0.0114010562	-3.8370221689
0.7540000000	0.0111369158	-3.8101478770
0.7520000000	0.0108501807	-3.8100458566
0.7500000000	0.0105481795	-3.8154550732
0.7480000000	0.0102154921	-3.8112393796
0.7460000000	0.0098138401	-3.7888860971
0.7440000000	0.0092974558	-3.7640332467
0.7420000000	0.0087239858	-3.7607415850
0.7400000000	0.0081621819	-3.7784472227
0.7380000000	0.0076038989	-3.7682002794
0.7360000000	0.0069461793	-3.7470996871
0.7340000000	0.0061471236	-3.7360252513
0.7320000000	0.0053021372	-3.7126247515
0.7300000000	0.0045030825	-3.6913896728
0.7280000000	0.0038110980	-3.6729287456
0.7260000000	0.0032264489	-3.7284515423
0.7240000000	0.0027217426	-3.6965545002
0.7220000000	0.0022781865	-3.6481445159
0.7200000000	0.0018919793	-3.5835429272
0.7180000000	0.0015595570	-3.6462802670
0.7160000000	0.0012804384	-3.5869846351
0.7140000000	0.0010548553	-3.5246473972
0.7120000000	0.0008713931	-3.5137496849
0.7100000000	0.0007264906	-3.9141368045
0.7080000000	0.0006082660	-4.3160200765
0.7060000000	0.0005049869	-4.3323057551
0.7040000000	0.0004207273	-4.1596497023
0.7020000000	0.0003557725	-4.3044620533
0.7000000000	0.0002984270	-4.3987038825
